1651 9 e000 1 641 16
0.00000000e+00
0.00000000e+00
0.00000000e+00
0.00000000e+00
0.00000000e+00
0.00000000e+00
0.00000000e+00
0.00000000e+00
0.00000000e+00
0.00000000e+00
0.00000000e+00
0.00000000e+00
0.00000000e+00
0.00000000e+00
0.00000000e+00
0.00000000e+00
0.00000000e+00
0.00000000e+00
0.00000000e+00
0.00000000e+00
0.00000000e+00
0.00000000e+00
0.00000000e+00
0.00000000e+00
0.00000000e+00
0.00000000e+00
0.00000000e+00
0.00000000e+00
0.00000000e+00
0.00000000e+00
0.00000000e+00
0.00000000e+00
0.00000000e+00
0.00000000e+00
0.00000000e+00
0.00000000e+00
0.00000000e+00
0.00000000e+00
0.00000000e+00
0.00000000e+00
0.00000000e+00
0.00000000e+00
0.00000000e+00
0.00000000e+00
0.00000000e+00
0.00000000e+00
0.00000000e+00
0.00000000e+00
0.00000000e+00
0.00000000e+00
0.00000000e+00
0.00000000e+00
0.00000000e+00
0.00000000e+00
0.00000000e+00
0.00000000e+00
0.00000000e+00
0.00000000e+00
0.00000000e+00
0.00000000e+00
0.00000000e+00
0.00000000e+00
0.00000000e+00
0.00000000e+00
0.00000000e+00
0.00000000e+00
0.00000000e+00
0.00000000e+00
0.00000000e+00
0.00000000e+00
0.00000000e+00
0.00000000e+00
0.00000000e+00
0.00000000e+00
0.00000000e+00
0.00000000e+00
0.00000000e+00
0.00000000e+00
0.00000000e+00
0.00000000e+00
0.00000000e+00
0.00000000e+00
0.00000000e+00
0.00000000e+00
0.00000000e+00
0.00000000e+00
0.00000000e+00
0.00000000e+00
0.00000000e+00
0.00000000e+00
0.00000000e+00
0.00000000e+00
0.00000000e+00
0.00000000e+00
0.00000000e+00
0.00000000e+00
0.00000000e+00
0.00000000e+00
0.00000000e+00
0.00000000e+00
0.00000000e+00
0.00000000e+00
0.00000000e+00
0.00000000e+00
0.00000000e+00
0.00000000e+00
0.00000000e+00
0.00000000e+00
1.52587891e-05
1.52587891e-05
3.05175781e-05
4.57763672e-05
6.10351563e-05
7.62939453e-05
1.06811523e-04
1.37329102e-04
1.83105469e-04
2.13623047e-04
2.74658203e-04
3.20434570e-04
3.81469727e-04
4.57763672e-04
5.34057617e-04
6.10351563e-04
7.01904297e-04
8.08715820e-04
9.15527344e-04
1.02233887e-03
1.15966797e-03
1.28173828e-03
1.43432617e-03
1.58691406e-03
1.75476074e-03
1.92260742e-03
2.10571289e-03
2.28881836e-03
2.50244141e-03
2.71606445e-03
2.92968750e-03
3.17382813e-03
3.41796875e-03
3.66210938e-03
3.93676758e-03
4.21142578e-03
4.50134277e-03
4.79125977e-03
5.09643555e-03
5.41687012e-03
5.75256348e-03
6.08825684e-03
6.43920898e-03
6.80541992e-03
7.18688965e-03
7.56835938e-03
7.96508789e-03
8.36181641e-03
8.78906250e-03
9.21630859e-03
9.65881348e-03
1.01013184e-02
1.05590820e-02
1.10321045e-02
1.15051270e-02
1.19934082e-02
1.24969482e-02
1.30157471e-02
1.35345459e-02
1.40533447e-02
1.46026611e-02
1.51519775e-02
1.57012939e-02
1.62658691e-02
1.68457031e-02
1.74255371e-02
1.80206299e-02
1.86309814e-02
1.92413330e-02
1.98516846e-02
2.04772949e-02
2.11181641e-02
2.17590332e-02
2.24151611e-02
2.30712891e-02
2.37274170e-02
2.43988037e-02
2.50854492e-02
2.57720947e-02
2.64587402e-02
2.71606445e-02
2.78625488e-02
2.85797119e-02
2.92816162e-02
3.00140381e-02
3.07312012e-02
3.14636230e-02
3.21960449e-02
3.29437256e-02
3.36914063e-02
3.44390869e-02
3.51867676e-02
3.59497070e-02
3.67126465e-02
3.74755859e-02
3.82385254e-02
3.90014648e-02
3.97796631e-02
4.05578613e-02
4.13360596e-02
4.21142578e-02
4.28924561e-02
4.36859131e-02
4.44641113e-02
4.52575684e-02
4.60357666e-02
4.68292236e-02
4.76074219e-02
4.84008789e-02
4.91943359e-02
4.99877930e-02
5.07659912e-02
5.15594482e-02
5.23529053e-02
5.31311035e-02
5.39245605e-02
5.47027588e-02
5.54962158e-02
5.62744141e-02
5.70526123e-02
5.78308105e-02
5.86090088e-02
5.93872070e-02
6.01501465e-02
6.09283447e-02
6.16912842e-02
6.24542236e-02
6.32171631e-02
6.39801025e-02
6.47277832e-02
6.54754639e-02
6.62231445e-02
6.69708252e-02
6.77032471e-02
6.84356689e-02
6.91680908e-02
6.99005127e-02
7.06176758e-02
7.13348389e-02
7.20367432e-02
7.27539063e-02
7.34405518e-02
7.41424561e-02
7.48291016e-02
7.55157471e-02
7.61871338e-02
7.68585205e-02
7.75299072e-02
7.81860352e-02
7.88421631e-02
7.94982910e-02
8.01391602e-02
8.07647705e-02
8.13903809e-02
8.20159912e-02
8.26263428e-02
8.32366943e-02
8.38470459e-02
8.44421387e-02
8.50219727e-02
8.56018066e-02
8.61816406e-02
8.67462158e-02
8.72955322e-02
8.78448486e-02
8.83941650e-02
8.89282227e-02
8.94470215e-02
8.99658203e-02
9.04846191e-02
9.09881592e-02
9.14916992e-02
9.19799805e-02
9.24530029e-02
9.29260254e-02
9.33990479e-02
9.38568115e-02
9.42993164e-02
9.47418213e-02
9.51690674e-02
9.55963135e-02
9.60083008e-02
9.64202881e-02
9.68170166e-02
9.72137451e-02
9.75952148e-02
9.79766846e-02
9.83428955e-02
9.87091064e-02
9.90600586e-02
9.94110107e-02
9.97467041e-02
1.00067139e-01
1.00387573e-01
1.00708008e-01
1.01013184e-01
1.01303101e-01
1.01593018e-01
1.01867676e-01
1.02142334e-01
1.02416992e-01
1.02676392e-01
1.02920532e-01
1.03164673e-01
1.03393555e-01
1.03622437e-01
1.03851318e-01
1.04049683e-01
1.04263306e-01
1.04461670e-01
1.04644775e-01
1.04827881e-01
1.05010986e-01
1.05178833e-01
1.05331421e-01
1.05484009e-01
1.05636597e-01
1.05773926e-01
1.05911255e-01
1.06033325e-01
1.06155396e-01
1.06277466e-01
1.06384277e-01
1.06475830e-01
1.06567383e-01
1.06658936e-01
1.06735229e-01
1.06811523e-01
1.06887817e-01
1.06948853e-01
1.07009888e-01
1.07055664e-01
1.07101440e-01
1.07147217e-01
1.07177734e-01
1.07208252e-01
1.07223511e-01
1.07238770e-01
1.07254028e-01
1.07269287e-01
1.07269287e-01
1.07269287e-01
1.07254028e-01
1.07238770e-01
1.07223511e-01
1.07208252e-01
1.07177734e-01
1.07147217e-01
1.07116699e-01
1.07070923e-01
1.07025146e-01
1.06979370e-01
1.06933594e-01
1.06872559e-01
1.06811523e-01
1.06750488e-01
1.06674194e-01
1.06613159e-01
1.06536865e-01
1.06460571e-01
1.06384277e-01
1.06292725e-01
1.06201172e-01
1.06124878e-01
1.06018066e-01
1.05926514e-01
1.05834961e-01
1.05728149e-01
1.05621338e-01
1.05514526e-01
1.05407715e-01
1.05300903e-01
1.05178833e-01
1.05072021e-01
1.04949951e-01
1.04827881e-01
1.04705811e-01
1.04583740e-01
1.04461670e-01
1.04339600e-01
1.04217529e-01
1.04080200e-01
1.03958130e-01
1.03820801e-01
1.03683472e-01
1.03546143e-01
1.03424072e-01
1.03286743e-01
1.03149414e-01
1.03012085e-01
1.02859497e-01
1.02722168e-01
1.02584839e-01
1.02447510e-01
1.02310181e-01
1.02157593e-01
1.02020264e-01
1.01882935e-01
1.01730347e-01
1.01593018e-01
1.01455688e-01
1.01303101e-01
1.01165771e-01
1.01028442e-01
1.00875854e-01
1.00738525e-01
1.00601196e-01
1.00463867e-01
1.00311279e-01
1.00173950e-01
1.00036621e-01
9.98992920e-02
9.97619629e-02
9.96246338e-02
9.94873047e-02
9.93499756e-02
9.92126465e-02
9.90753174e-02
9.89379883e-02
9.88159180e-02
9.86785889e-02
9.85412598e-02
9.84191895e-02
9.82971191e-02
9.81597900e-02
9.80377197e-02
9.79156494e-02
9.77935791e-02
9.76715088e-02
9.75494385e-02
9.74273682e-02
9.73052979e-02
9.71984863e-02
9.70764160e-02
9.69696045e-02
9.68475342e-02
9.67407227e-02
9.66339111e-02
9.65270996e-02
9.64202881e-02
9.63134766e-02
9.62066650e-02
9.61151123e-02
9.60083008e-02
9.59167480e-02
9.58251953e-02
9.57336426e-02
9.56420898e-02
9.55505371e-02
9.54589844e-02
9.53674316e-02
9.52911377e-02
9.51995850e-02
9.51232910e-02
9.50469971e-02
9.49707031e-02
9.48944092e-02
9.48181152e-02
9.47570801e-02
9.46807861e-02
9.46197510e-02
9.45587158e-02
9.44824219e-02
9.44213867e-02
9.43603516e-02
9.43145752e-02
9.42535400e-02
9.42077637e-02
9.41467285e-02
9.41009521e-02
9.40551758e-02
9.40093994e-02
9.39636230e-02
9.39178467e-02
9.38720703e-02
9.38415527e-02
9.38110352e-02
9.37652588e-02
9.37347412e-02
9.37042236e-02
9.36737061e-02
9.36431885e-02
9.36279297e-02
9.35974121e-02
9.35821533e-02
9.35516357e-02
9.35363770e-02
9.35211182e-02
9.35058594e-02
9.34906006e-02
9.34906006e-02
9.34753418e-02
9.34600830e-02
9.34600830e-02
9.34600830e-02
9.34448242e-02
9.34448242e-02
9.34448242e-02
9.34448242e-02
9.34600830e-02
9.34600830e-02
9.34600830e-02
9.34753418e-02
9.34753418e-02
9.34906006e-02
9.35058594e-02
9.35211182e-02
9.35211182e-02
9.35363770e-02
9.35516357e-02
9.35516357e-02
9.35668945e-02
9.35668945e-02
9.35668945e-02
9.35668945e-02
9.35516357e-02
9.35516357e-02
9.35363770e-02
9.35058594e-02
9.34906006e-02
9.34600830e-02
9.34143066e-02
9.33685303e-02
9.33227539e-02
9.32617188e-02
9.32006836e-02
9.31243896e-02
9.30480957e-02
9.29565430e-02
9.28649902e-02
9.27581787e-02
9.26513672e-02
9.25292969e-02
9.23919678e-02
9.22546387e-02
9.21020508e-02
9.19494629e-02
9.17816162e-02
9.15985107e-02
9.14154053e-02
9.12170410e-02
9.10034180e-02
9.07897949e-02
9.05609131e-02
9.03320313e-02
9.00726318e-02
8.98132324e-02
8.95538330e-02
8.92639160e-02
8.89739990e-02
8.86688232e-02
8.83636475e-02
8.80432129e-02
8.77075195e-02
8.73565674e-02
8.70056152e-02
8.66394043e-02
8.62731934e-02
8.58764648e-02
8.54949951e-02
8.50830078e-02
8.46710205e-02
8.42437744e-02
8.38012695e-02
8.33587646e-02
8.29010010e-02
8.24279785e-02
8.19549561e-02
8.14666748e-02
8.09783936e-02
8.04748535e-02
7.99560547e-02
7.94372559e-02
7.89031982e-02
7.83538818e-02
7.78045654e-02
7.72552490e-02
7.66906738e-02
7.61108398e-02
7.55310059e-02
7.49359131e-02
7.43408203e-02
7.37304688e-02
7.31201172e-02
7.24945068e-02
7.18688965e-02
7.12280273e-02
7.05871582e-02
6.99462891e-02
6.92901611e-02
6.86187744e-02
6.79626465e-02
6.72912598e-02
6.66046143e-02
6.59179688e-02
6.52313232e-02
6.45294189e-02
6.38427734e-02
6.31256104e-02
6.24237061e-02
6.17065430e-02
6.09893799e-02
6.02722168e-02
5.95550537e-02
5.88226318e-02
5.80902100e-02
5.73577881e-02
5.66101074e-02
5.58776855e-02
5.51300049e-02
5.43823242e-02
5.36499023e-02
5.29022217e-02
5.21392822e-02
5.13916016e-02
5.06439209e-02
4.98809814e-02
4.91333008e-02
4.83703613e-02
4.76226807e-02
4.68597412e-02
4.61120605e-02
4.53491211e-02
4.46014404e-02
4.38385010e-02
4.30908203e-02
4.23431396e-02
4.15802002e-02
4.08325195e-02
4.00848389e-02
3.93371582e-02
3.85894775e-02
3.78417969e-02
3.71093750e-02
3.63616943e-02
3.56292725e-02
3.48968506e-02
3.41644287e-02
3.34320068e-02
3.27148438e-02
3.19824219e-02
3.12652588e-02
3.05480957e-02
2.98461914e-02
2.91442871e-02
2.84271240e-02
2.77404785e-02
2.70385742e-02
2.63519287e-02
2.56652832e-02
2.49938965e-02
2.43072510e-02
2.36358643e-02
2.29797363e-02
2.23236084e-02
2.16674805e-02
2.10113525e-02
2.03704834e-02
1.97296143e-02
1.91040039e-02
1.84783936e-02
1.78527832e-02
1.72424316e-02
1.66320801e-02
1.60369873e-02
1.54418945e-02
1.48468018e-02
1.42669678e-02
1.37023926e-02
1.31225586e-02
1.25732422e-02
1.20086670e-02
1.14593506e-02
1.09252930e-02
1.03912354e-02
9.87243652e-03
9.35363770e-03
8.83483887e-03
8.33129883e-03
7.82775879e-03
7.33947754e-03
6.86645508e-03
6.39343262e-03
5.92041016e-03
5.46264648e-03
5.00488281e-03
4.56237793e-03
4.13513184e-03
3.70788574e-03
3.28063965e-03
2.86865234e-03
2.45666504e-03
2.05993652e-03
1.67846680e-03
1.29699707e-03
9.15527344e-04
5.49316406e-04
1.98364258e-04
-1.52587891e-04
-5.03540039e-04
-8.39233398e-04
-1.15966797e-03
-1.48010254e-03
-1.80053711e-03
-2.10571289e-03
-2.39562988e-03
-2.68554688e-03
-2.97546387e-03
-3.25012207e-03
-3.50952148e-03
-3.76892090e-03
-4.02832031e-03
-4.27246094e-03
-4.51660156e-03
-4.74548340e-03
-4.95910645e-03
-5.17272949e-03
-5.38635254e-03
-5.58471680e-03
-5.78308105e-03
-5.96618652e-03
-6.14929199e-03
-6.31713867e-03
-6.48498535e-03
-6.63757324e-03
-6.79016113e-03
-6.94274902e-03
-7.08007813e-03
-7.21740723e-03
-7.33947754e-03
-7.46154785e-03
-7.56835938e-03
-7.67517090e-03
-7.76672363e-03
-7.85827637e-03
-7.94982910e-03
-8.04138184e-03
-8.10241699e-03
-8.17871094e-03
-8.23974609e-03
-8.30078125e-03
-8.34655762e-03
-8.39233398e-03
-8.43811035e-03
-8.46862793e-03
-8.49914551e-03
-8.52966309e-03
-8.54492188e-03
-8.56018066e-03
-8.57543945e-03
-8.57543945e-03
-8.57543945e-03
-8.57543945e-03
-8.56018066e-03
-8.54492188e-03
-8.52966309e-03
-8.49914551e-03
-8.46862793e-03
-8.43811035e-03
-8.40759277e-03
-8.36181641e-03
-8.31604004e-03
-8.27026367e-03
-8.20922852e-03
-8.16345215e-03
-8.10241699e-03
-8.04138184e-03
-7.96508789e-03
-7.88879395e-03
-7.82775879e-03
-7.75146484e-03
-7.65991211e-03
-7.58361816e-03
-7.49206543e-03
-7.40051270e-03
-7.30895996e-03
-7.21740723e-03
-7.12585449e-03
-7.01904297e-03
-6.91223145e-03
-6.82067871e-03
-6.71386719e-03
-6.59179688e-03
-6.48498535e-03
-6.37817383e-03
-6.25610352e-03
-6.13403320e-03
-6.02722168e-03
-5.90515137e-03
-5.78308105e-03
-5.66101074e-03
-5.52368164e-03
-5.40161133e-03
-5.27954102e-03
-5.14221191e-03
-5.02014160e-03
-4.88281250e-03
-4.74548340e-03
-4.62341309e-03
-4.48608398e-03
-4.34875488e-03
-4.21142578e-03
-4.07409668e-03
-3.93676758e-03
-3.79943848e-03
-3.66210938e-03
-3.52478027e-03
-3.38745117e-03
-3.25012207e-03
-3.11279297e-03
-2.96020508e-03
-2.82287598e-03
-2.68554688e-03
-2.54821777e-03
-2.41088867e-03
-2.27355957e-03
-2.13623047e-03
-1.99890137e-03
-1.86157227e-03
-1.72424316e-03
-1.58691406e-03
-1.44958496e-03
-1.31225586e-03
-1.17492676e-03
-1.03759766e-03
-9.00268555e-04
-7.78198242e-04
-6.40869141e-04
-5.03540039e-04
-3.81469727e-04
-2.44140625e-04
-1.22070313e-04
1.52587891e-05
1.37329102e-04
2.59399414e-04
3.81469727e-04
5.03540039e-04
6.25610352e-04
7.47680664e-04
8.69750977e-04
9.91821289e-04
1.11389160e-03
1.22070313e-03
1.34277344e-03
1.44958496e-03
1.55639648e-03
1.66320801e-03
1.77001953e-03
1.87683105e-03
1.98364258e-03
2.09045410e-03
2.19726563e-03
2.28881836e-03
2.39562988e-03
2.48718262e-03
2.57873535e-03
2.67028809e-03
2.76184082e-03
2.85339355e-03
2.94494629e-03
3.03649902e-03
3.11279297e-03
3.20434570e-03
3.28063965e-03
3.35693359e-03
3.43322754e-03
3.50952148e-03
3.58581543e-03
3.66210938e-03
3.72314453e-03
3.79943848e-03
3.86047363e-03
3.92150879e-03
3.99780273e-03
4.04357910e-03
4.10461426e-03
4.16564941e-03
4.22668457e-03
4.27246094e-03
4.33349609e-03
4.37927246e-03
4.42504883e-03
4.47082520e-03
4.51660156e-03
4.56237793e-03
4.59289551e-03
4.63867188e-03
4.66918945e-03
4.69970703e-03
4.74548340e-03
4.77600098e-03
4.80651855e-03
4.82177734e-03
4.85229492e-03
4.88281250e-03
4.89807129e-03
4.92858887e-03
4.94384766e-03
4.95910645e-03
4.97436523e-03
4.98962402e-03
5.00488281e-03
5.02014160e-03
5.02014160e-03
5.03540039e-03
5.03540039e-03
5.03540039e-03
5.05065918e-03
5.05065918e-03
5.05065918e-03
5.05065918e-03
5.03540039e-03
5.03540039e-03
5.03540039e-03
5.02014160e-03
5.02014160e-03
5.00488281e-03
4.98962402e-03
4.98962402e-03
4.97436523e-03
4.95910645e-03
4.94384766e-03
4.91333008e-03
4.89807129e-03
4.88281250e-03
4.85229492e-03
4.83703613e-03
4.80651855e-03
4.79125977e-03
4.76074219e-03
4.73022461e-03
4.71496582e-03
4.68444824e-03
4.65393066e-03
4.62341309e-03
4.59289551e-03
4.56237793e-03
4.51660156e-03
4.48608398e-03
4.45556641e-03
4.42504883e-03
4.37927246e-03
4.34875488e-03
4.30297852e-03
4.27246094e-03
4.22668457e-03
4.18090820e-03
4.15039063e-03
4.10461426e-03
4.05883789e-03
4.02832031e-03
3.98254395e-03
3.93676758e-03
3.89099121e-03
3.84521484e-03
3.79943848e-03
3.75366211e-03
3.70788574e-03
3.66210938e-03
3.61633301e-03
3.57055664e-03
3.52478027e-03
3.47900391e-03
3.41796875e-03
3.37219238e-03
3.32641602e-03
3.28063965e-03
3.23486328e-03
3.18908691e-03
3.12805176e-03
3.08227539e-03
3.03649902e-03
2.99072266e-03
2.92968750e-03
2.88391113e-03
2.83813477e-03
2.77709961e-03
2.73132324e-03
2.68554688e-03
2.63977051e-03
2.57873535e-03
2.53295898e-03
2.48718262e-03
2.44140625e-03
2.38037109e-03
2.33459473e-03
2.28881836e-03
2.24304199e-03
2.19726563e-03
2.13623047e-03
2.09045410e-03
2.04467773e-03
1.99890137e-03
1.95312500e-03
1.90734863e-03
1.86157227e-03
1.81579590e-03
1.77001953e-03
1.72424316e-03
1.67846680e-03
1.63269043e-03
1.58691406e-03
1.54113770e-03
1.49536133e-03
1.44958496e-03
1.40380859e-03
1.35803223e-03
1.31225586e-03
1.28173828e-03
1.23596191e-03
1.19018555e-03
1.15966797e-03
1.11389160e-03
1.06811523e-03
1.03759766e-03
9.91821289e-04
