0.00000000e+00
0.00000000e+00
0.00000000e+00
0.00000000e+00
0.00000000e+00
0.00000000e+00
0.00000000e+00
0.00000000e+00
0.00000000e+00
0.00000000e+00
0.00000000e+00
0.00000000e+00
0.00000000e+00
0.00000000e+00
0.00000000e+00
0.00000000e+00
0.00000000e+00
0.00000000e+00
0.00000000e+00
0.00000000e+00
0.00000000e+00
0.00000000e+00
0.00000000e+00
0.00000000e+00
0.00000000e+00
0.00000000e+00
0.00000000e+00
0.00000000e+00
0.00000000e+00
0.00000000e+00
0.00000000e+00
0.00000000e+00
0.00000000e+00
0.00000000e+00
0.00000000e+00
0.00000000e+00
0.00000000e+00
0.00000000e+00
0.00000000e+00
0.00000000e+00
0.00000000e+00
0.00000000e+00
0.00000000e+00
0.00000000e+00
0.00000000e+00
0.00000000e+00
0.00000000e+00
0.00000000e+00
0.00000000e+00
0.00000000e+00
9.84731999e-01
9.85187837e-01
9.82450663e-01
9.77129538e-01
9.69670477e-01
9.60399955e-01
9.49556796e-01
9.37906316e-01
9.25458787e-01
9.11630488e-01
8.97134111e-01
8.82532078e-01
8.67095198e-01
8.50838804e-01
8.34955181e-01
8.18626679e-01
8.01803829e-01
7.84449992e-01
7.67719546e-01
7.50176186e-01
7.32458141e-01
7.14482677e-01
6.96779572e-01
6.79186723e-01
6.61585011e-01
6.43296240e-01
6.25554675e-01
6.07573916e-01
5.89917979e-01
5.72450203e-01
5.54479204e-01
5.37230240e-01
5.19909718e-01
5.02486239e-01
4.85527465e-01
4.68899053e-01
4.51912126e-01
4.35792922e-01
4.19749246e-01
4.03160104e-01
3.87892670e-01
3.72483095e-01
3.56959142e-01
3.41932133e-01
3.27299742e-01
3.12986580e-01
2.99529266e-01
2.85588878e-01
2.71874803e-01
2.58948725e-01
2.46671464e-01
2.33759776e-01
2.22146006e-01
2.10414166e-01
1.99218362e-01
1.87896381e-01
1.77695360e-01
1.67247519e-01
1.57241201e-01
1.48222178e-01
1.38858514e-01
1.29865932e-01
1.21809158e-01
1.13370539e-01
1.05867050e-01
9.85721722e-02
9.15042118e-02
8.52681147e-02
7.85745748e-02
7.27613598e-02
6.71183191e-02
6.16748175e-02
5.70435429e-02
5.25325752e-02
4.81854122e-02
4.40345151e-02
4.06938756e-02
3.68830877e-02
3.39438131e-02
3.11708023e-02
2.91866909e-02
2.67168413e-02
2.45189807e-02
2.31880786e-02
2.20201720e-02
2.04587704e-02
1.98277530e-02
1.88161897e-02
1.87446709e-02
1.83000605e-02
1.82105513e-02
1.90511357e-02
1.89205349e-02
1.98489271e-02
2.04916886e-02
2.15548729e-02
2.30058943e-02
2.42302758e-02
2.53278213e-02
2.69627591e-02
2.90725876e-02
3.10190281e-02
3.28864847e-02
3.53267761e-02
3.70861975e-02
3.95279553e-02
4.19602708e-02
4.44255291e-02
4.75475342e-02
5.00498059e-02
5.26895688e-02
5.54709270e-02
5.83969810e-02
6.14704661e-02
6.46934794e-02
6.74763162e-02
7.05283760e-02
7.38196289e-02
7.67360699e-02
7.99703989e-02
8.34794106e-02
8.60494118e-02
8.96649305e-02
9.23564544e-02
9.55127070e-02
9.90520457e-02
1.01732595e-01
1.04925396e-01
1.07946190e-01
1.11432067e-01
1.14119740e-01
1.17364735e-01
1.19878969e-01
1.23000531e-01
1.26018025e-01
1.28370265e-01
1.31377494e-01
1.34315963e-01
1.36615256e-01
1.38997884e-01
1.42033367e-01
1.44408876e-01
1.46851354e-01
1.48754451e-01
1.51404548e-01
1.53462861e-01
1.55638608e-01
1.57311880e-01
1.59167790e-01
1.61159716e-01
1.63252170e-01
1.64828915e-01
1.66579996e-01
1.68459239e-01
1.69843319e-01
1.71415960e-01
1.72537446e-01
1.73879298e-01
1.75384182e-01
1.76418541e-01
1.77659721e-01
1.78462391e-01
1.79494892e-01
1.80106593e-01
1.80960460e-01
1.81402296e-01
1.82093008e-01
1.82966921e-01
1.83384733e-01
1.84019950e-01
1.84223871e-01
1.84663104e-01
1.84683894e-01
1.84949702e-01
1.84803532e-01
1.84907217e-01
1.85194085e-01
1.85024479e-01
1.85071825e-01
1.84686995e-01
1.84536283e-01
1.84556661e-01
1.84113008e-01
1.83288136e-01
1.83324964e-01
1.82852842e-01
1.81967220e-01
1.81328209e-01
1.80870478e-01
1.80545758e-01
1.79726765e-01
1.79096371e-01
1.78603889e-01
1.77621570e-01
1.76830452e-01
1.75588290e-01
1.75155899e-01
1.74176305e-01
1.73345391e-01
-8.12108688e-01
-8.13798285e-01
-8.12120019e-01
-8.07729682e-01
-8.01108114e-01
-7.93198094e-01
-7.83549384e-01
-7.72380278e-01
-7.61033504e-01
-7.48210573e-01
-7.34649614e-01
-7.20933009e-01
-7.06934912e-01
-6.91974703e-01
-6.77282281e-01
-6.61478390e-01
-6.45832989e-01
-6.30176226e-01
-6.13792744e-01
-5.97889262e-01
-5.81067963e-01
-5.64586580e-01
-5.47674878e-01
-5.30909270e-01
-5.14161952e-01
-4.97338634e-01
-4.80370032e-01
-4.63796309e-01
-4.46872194e-01
-4.30191915e-01
-4.13640833e-01
-3.97134978e-01
-3.80611959e-01
-3.64617809e-01
-3.48410950e-01
-3.32588953e-01
-3.16448749e-01
-3.01206831e-01
-2.85472606e-01
-2.70508658e-01
-2.55549976e-01
-2.41176041e-01
-2.26670690e-01
-2.12650508e-01
-1.98426095e-01
-1.85224051e-01
-1.71661483e-01
-1.58416010e-01
-1.46025077e-01
-1.33741698e-01
-1.21568437e-01
-1.10098235e-01
-9.86249910e-02
-8.77719020e-02
-7.68552649e-02
-6.65147038e-02
-5.60784828e-02
-4.67858472e-02
-3.72636720e-02
-2.81965059e-02
-1.95362856e-02
-1.12478586e-02
-3.30558332e-03
4.30906880e-03
1.16095622e-02
1.86056013e-02
2.53039798e-02
3.17097572e-02
3.72354378e-02
4.31820855e-02
4.82211878e-02
5.36606655e-02
5.81771750e-02
6.24916175e-02
6.65821082e-02
7.04323092e-02
7.34393464e-02
7.68928577e-02
7.94559427e-02
8.24304920e-02
8.44885808e-02
8.63479092e-02
8.85748689e-02
8.98526819e-02
9.09072206e-02
9.23108779e-02
9.27512647e-02
9.35482693e-02
9.39778899e-02
9.40595632e-02
9.38073414e-02
9.38221391e-02
9.34032231e-02
9.25870965e-02
9.19910884e-02
9.09265638e-02
8.94388081e-02
8.81516652e-02
8.69719991e-02
8.52406905e-02
8.30246502e-02
8.15543474e-02
7.94495762e-02
7.73897679e-02
7.53225871e-02
7.26188323e-02
7.05489073e-02
6.77618837e-02
6.55495494e-02
6.25765040e-02
5.95552273e-02
5.70482515e-02
5.43268936e-02
5.14071613e-02
4.83007709e-02
4.56069492e-02
4.20330767e-02
3.95043829e-02
3.60089968e-02
3.34951632e-02
2.99678738e-02
2.67970022e-02
2.38860998e-02
2.05736836e-02
1.75158529e-02
1.46432329e-02
1.13141851e-02
8.79013582e-03
5.71367724e-03
2.19029959e-03
-5.21187154e-04
-3.18937877e-03
-6.41812245e-03
-8.91831113e-03
-1.20270528e-02
-1.50331940e-02
-1.73749774e-02
-2.03723834e-02
-2.27109381e-02
-2.51183900e-02
-2.81686647e-02
-3.05507079e-02
-3.24039945e-02
-3.50122385e-02
-3.70343796e-02
-3.91786610e-02
-4.14139446e-02
-4.37174157e-02
-4.54815632e-02
-4.74020397e-02
-4.94385307e-02
-5.09706813e-02
-5.26847205e-02
-5.45334041e-02
-5.58913262e-02
-5.74410036e-02
-5.91324666e-02
-6.03383025e-02
-6.17396035e-02
-6.26945202e-02
-6.38735728e-02
-6.52179802e-02
-6.60938500e-02
-6.65867697e-02
-6.73501175e-02
-6.83125801e-02
-6.94218625e-02
-7.00488232e-02
-7.02825569e-02
-7.07790261e-02
-7.14687657e-02
-7.17100725e-02
-7.21735687e-02
-7.22097677e-02
-7.24835154e-02
-7.23411832e-02
-7.24445106e-02
-7.27283408e-02
-7.25541275e-02
-7.25947621e-02
-7.22024202e-02
-7.20432386e-02
-7.20551905e-02
-7.16020244e-02
-7.13583847e-02
-7.12684133e-02
-7.07004740e-02
-7.03325025e-02
-6.95203961e-02
-6.89329495e-02
-6.85101784e-02
-6.82080094e-02
-6.74034472e-02
-6.67807629e-02
-6.62912260e-02
-6.53084501e-02
-6.45140565e-02
-6.38576285e-02
-6.27112636e-02
-6.23465022e-02
-6.14133743e-02
-6.06135716e-02
-5.93203861e-02
-5.88062092e-02
-5.77216493e-02
-5.67687986e-02
-5.59121569e-02
-5.51255315e-02
-5.37990608e-02
-5.32173962e-02
-5.20402042e-02
-5.09762183e-02
-4.99947363e-02
-4.90731793e-02
-4.81950142e-02
-4.73481076e-02
-4.59328142e-02
-4.52413667e-02
-4.45296495e-02
-4.32117752e-02
-4.19992001e-02
-4.14540379e-02
-4.02564553e-02
-3.91302979e-02
-3.86466594e-02
-3.74923604e-02
-3.63961359e-02
-3.59326297e-02
-3.47912889e-02
-3.37027395e-02
-3.26522849e-02
-3.22198526e-02
-3.10988696e-02
-3.06135589e-02
-2.94526145e-02
-2.89368368e-02
-2.77523514e-02
-2.72181462e-02
-2.60189586e-02
-2.54728066e-02
-2.48544658e-02
-2.41826411e-02
-2.34710812e-02
-2.27298313e-02
-2.19662576e-02
-2.11857835e-02
-2.03923731e-02
-2.01797141e-02
-1.92511847e-02
-1.89384471e-02
-1.85263232e-02
-1.74501194e-02
