1651 9 e000 1 1F5 10
0.00000000e+00
0.00000000e+00
0.00000000e+00
0.00000000e+00
0.00000000e+00
0.00000000e+00
0.00000000e+00
0.00000000e+00
0.00000000e+00
0.00000000e+00
0.00000000e+00
0.00000000e+00
0.00000000e+00
0.00000000e+00
0.00000000e+00
0.00000000e+00
0.00000000e+00
0.00000000e+00
0.00000000e+00
0.00000000e+00
0.00000000e+00
0.00000000e+00
0.00000000e+00
0.00000000e+00
0.00000000e+00
0.00000000e+00
0.00000000e+00
0.00000000e+00
0.00000000e+00
0.00000000e+00
0.00000000e+00
0.00000000e+00
0.00000000e+00
0.00000000e+00
0.00000000e+00
0.00000000e+00
0.00000000e+00
0.00000000e+00
0.00000000e+00
0.00000000e+00
0.00000000e+00
0.00000000e+00
0.00000000e+00
0.00000000e+00
0.00000000e+00
0.00000000e+00
0.00000000e+00
0.00000000e+00
0.00000000e+00
0.00000000e+00
0.00000000e+00
4.57763672e-05
1.83105469e-04
4.11987305e-04
7.32421875e-04
1.14440918e-03
1.64794922e-03
2.22778320e-03
2.88391113e-03
3.63159180e-03
4.45556641e-03
5.34057617e-03
6.30187988e-03
7.33947754e-03
8.42285156e-03
9.56726074e-03
1.07727051e-02
1.20391846e-02
1.33361816e-02
1.46942139e-02
1.60980225e-02
1.75476074e-02
1.90277100e-02
2.05383301e-02
2.20794678e-02
2.36663818e-02
2.52685547e-02
2.69012451e-02
2.85491943e-02
3.02124023e-02
3.19061279e-02
3.35998535e-02
3.53088379e-02
3.70330811e-02
3.87573242e-02
4.04815674e-02
4.22210693e-02
4.39453125e-02
4.56695557e-02
4.74090576e-02
4.91180420e-02
5.08270264e-02
5.25360107e-02
5.42297363e-02
5.59082031e-02
5.75714111e-02
5.92041016e-02
6.08367920e-02
6.24542236e-02
6.40411377e-02
6.55975342e-02
6.71539307e-02
6.86645508e-02
7.01599121e-02
7.16247559e-02
7.30743408e-02
7.44781494e-02
7.58666992e-02
7.72247314e-02
7.85369873e-02
7.98339844e-02
8.11004639e-02
8.23211670e-02
8.35266113e-02
8.46862793e-02
8.58154297e-02
8.69140625e-02
8.79669189e-02
8.90045166e-02
8.99963379e-02
9.09576416e-02
9.18884277e-02
9.27734375e-02
9.36279297e-02
9.44519043e-02
9.52453613e-02
9.59930420e-02
9.67254639e-02
9.74121094e-02
9.80682373e-02
9.86785889e-02
9.92736816e-02
9.98382568e-02
1.00357056e-01
1.00845337e-01
1.01318359e-01
1.01745605e-01
1.02157593e-01
1.02523804e-01
1.02874756e-01
1.03195190e-01
1.03469849e-01
1.03744507e-01
1.03973389e-01
1.04187012e-01
1.04370117e-01
1.04522705e-01
1.04660034e-01
1.04782104e-01
1.04873657e-01
1.04934692e-01
1.04980469e-01
1.05010986e-01
1.05010986e-01
1.05010986e-01
1.04980469e-01
1.04934692e-01
1.04873657e-01
1.04782104e-01
1.04690552e-01
1.04583740e-01
1.04461670e-01
1.04324341e-01
1.04171753e-01
1.04003906e-01
1.03836060e-01
1.03652954e-01
1.03454590e-01
1.03256226e-01
1.03042603e-01
1.02813721e-01
1.02600098e-01
1.02355957e-01
1.02127075e-01
1.01882935e-01
1.01623535e-01
1.01379395e-01
1.01119995e-01
1.00860596e-01
1.00585938e-01
1.00326538e-01
1.00051880e-01
9.97924805e-02
9.95178223e-02
9.92431641e-02
9.89837646e-02
9.87091064e-02
9.84344482e-02
9.81750488e-02
9.79156494e-02
9.76409912e-02
9.73815918e-02
9.71221924e-02
9.68780518e-02
9.66186523e-02
9.63745117e-02
9.61303711e-02
9.59014893e-02
9.56726074e-02
9.54437256e-02
9.52148438e-02
9.50012207e-02
9.47875977e-02
9.45739746e-02
9.43756104e-02
9.41772461e-02
9.39941406e-02
9.38110352e-02
9.36279297e-02
9.34600830e-02
9.32922363e-02
9.31396484e-02
9.29870605e-02
9.28497314e-02
9.27124023e-02
9.25903320e-02
9.24682617e-02
9.23461914e-02
9.22393799e-02
9.21325684e-02
9.20410156e-02
9.19494629e-02
9.18731689e-02
9.17968750e-02
9.17358398e-02
9.16748047e-02
9.16137695e-02
9.15679932e-02
9.15222168e-02
9.14916992e-02
9.14611816e-02
9.14306641e-02
9.14154053e-02
9.14154053e-02
9.14001465e-02
9.14001465e-02
9.14154053e-02
9.14306641e-02
9.14459229e-02
9.14611816e-02
9.14916992e-02
9.15222168e-02
9.15527344e-02
9.15985107e-02
9.16442871e-02
9.17053223e-02
9.17510986e-02
9.18121338e-02
9.18731689e-02
9.19342041e-02
9.19647217e-02
9.19036865e-02
9.17510986e-02
9.15069580e-02
9.11865234e-02
9.07745361e-02
9.02709961e-02
8.97064209e-02
8.90502930e-02
8.83178711e-02
8.75244141e-02
8.66699219e-02
8.57391357e-02
8.47625732e-02
8.37097168e-02
8.26110840e-02
8.14666748e-02
8.02612305e-02
7.90252686e-02
7.77282715e-02
7.64007568e-02
7.50274658e-02
7.36236572e-02
7.21893311e-02
7.07244873e-02
6.92291260e-02
6.77185059e-02
6.61773682e-02
6.46209717e-02
6.30493164e-02
6.14624023e-02
5.98602295e-02
5.82580566e-02
5.66406250e-02
5.50231934e-02
5.33905029e-02
5.17730713e-02
5.01403809e-02
4.85229492e-02
4.69055176e-02
4.53033447e-02
4.37011719e-02
4.21142578e-02
4.05273438e-02
3.89709473e-02
3.74145508e-02
3.58734131e-02
3.43627930e-02
3.28674316e-02
3.13873291e-02
2.99377441e-02
2.85034180e-02
2.70996094e-02
2.57110596e-02
2.43530273e-02
2.30102539e-02
2.17132568e-02
2.04315186e-02
1.91802979e-02
1.79595947e-02
1.67694092e-02
1.56097412e-02
1.44805908e-02
1.33819580e-02
1.23138428e-02
1.12762451e-02
1.02691650e-02
9.30786133e-03
8.36181641e-03
7.46154785e-03
6.57653809e-03
5.73730469e-03
4.92858887e-03
4.15039063e-03
3.40270996e-03
2.70080566e-03
2.01416016e-03
1.37329102e-03
7.47680664e-04
1.67846680e-04
-3.81469727e-04
-9.15527344e-04
-1.40380859e-03
-1.86157227e-03
-2.30407715e-03
-2.70080566e-03
-3.08227539e-03
-3.43322754e-03
-3.75366211e-03
-4.04357910e-03
-4.31823730e-03
-4.56237793e-03
-4.77600098e-03
-4.97436523e-03
-5.14221191e-03
-5.27954102e-03
-5.40161133e-03
-5.50842285e-03
-5.58471680e-03
-5.63049316e-03
-5.67626953e-03
-5.69152832e-03
-5.69152832e-03
-5.67626953e-03
-5.63049316e-03
-5.58471680e-03
-5.50842285e-03
-5.43212891e-03
-5.32531738e-03
-5.20324707e-03
-5.08117676e-03
-4.94384766e-03
-4.79125977e-03
-4.62341309e-03
-4.45556641e-03
-4.25720215e-03
-4.07409668e-03
-3.86047363e-03
-3.66210938e-03
-3.43322754e-03
-3.20434570e-03
-2.97546387e-03
-2.73132324e-03
-2.48718262e-03
-2.24304199e-03
-1.98364258e-03
-1.73950195e-03
-1.48010254e-03
-1.20544434e-03
-9.46044922e-04
-6.86645508e-04
-4.11987305e-04
-1.52587891e-04
1.22070313e-04
3.96728516e-04
6.56127930e-04
9.30786133e-04
1.19018555e-03
1.44958496e-03
1.72424316e-03
1.98364258e-03
2.22778320e-03
2.48718262e-03
2.73132324e-03
2.97546387e-03
3.21960449e-03
3.46374512e-03
3.69262695e-03
3.92150879e-03
4.15039063e-03
4.36401367e-03
4.57763672e-03
4.79125977e-03
4.98962402e-03
5.18798828e-03
5.38635254e-03
5.56945801e-03
5.75256348e-03
5.92041016e-03
6.08825684e-03
6.25610352e-03
6.40869141e-03
6.54602051e-03
6.68334961e-03
6.82067871e-03
6.95800781e-03
7.08007813e-03
7.18688965e-03
7.29370117e-03
7.40051270e-03
7.49206543e-03
7.58361816e-03
7.65991211e-03
7.73620605e-03
7.79724121e-03
7.85827637e-03
7.91931152e-03
7.96508789e-03
8.01086426e-03
8.04138184e-03
8.07189941e-03
8.10241699e-03
8.11767578e-03
8.13293457e-03
8.14819336e-03
8.14819336e-03
8.14819336e-03
8.13293457e-03
8.11767578e-03
8.10241699e-03
8.08715820e-03
8.05664063e-03
8.02612305e-03
7.99560547e-03
7.94982910e-03
7.90405273e-03
7.85827637e-03
7.79724121e-03
7.75146484e-03
7.69042969e-03
7.62939453e-03
7.55310059e-03
7.49206543e-03
7.41577148e-03
7.33947754e-03
7.26318359e-03
7.18688965e-03
7.09533691e-03
7.01904297e-03
6.92749023e-03
6.83593750e-03
6.74438477e-03
6.65283203e-03
6.56127930e-03
6.46972656e-03
6.36291504e-03
6.27136230e-03
6.17980957e-03
6.07299805e-03
5.96618652e-03
5.87463379e-03
5.76782227e-03
5.66101074e-03
5.56945801e-03
5.46264648e-03
5.35583496e-03
5.26428223e-03
5.15747070e-03
5.05065918e-03
4.94384766e-03
4.85229492e-03
4.74548340e-03
4.65393066e-03
4.54711914e-03
4.45556641e-03
4.34875488e-03
4.25720215e-03
4.15039063e-03
4.05883789e-03
3.96728516e-03
3.87573242e-03
3.78417969e-03
3.69262695e-03
3.60107422e-03
3.50952148e-03
3.41796875e-03
3.34167480e-03
3.25012207e-03
3.17382813e-03
3.09753418e-03
3.00598145e-03
