/*
    A DCL_runPISeries example with the 
    following controller parameters: 
    .Kp  = 2.50000f,
    .Ki  = 0.01000f,
    .Umax = 2.00000f,
    .Umin = -2.00000f
*/
0.000000,
0.000000,
0.000000,
0.000000,
0.000000,
0.000000,
0.000000,
0.000000,
0.000000,
0.000000,
0.000000,
0.000000,
0.000000,
0.000000,
0.000000,
0.000000,
0.000000,
0.000000,
0.000000,
0.000000,
0.000000,
0.000000,
0.000000,
0.000000,
0.000000,
0.000000,
0.000000,
0.000000,
0.000000,
0.000000,
0.000000,
0.000000,
0.000000,
0.000000,
0.000000,
0.000000,
0.000000,
0.000000,
0.000000,
0.000000,
0.000000,
0.000000,
0.000000,
0.000000,
0.000000,
0.000000,
0.000000,
0.000000,
0.000000,
0.000000,
0.000000,
0.000000,
0.000000,
0.000000,
0.000000,
0.000000,
0.000000,
0.000000,
0.000000,
0.000000,
0.000000,
0.000000,
0.000000,
0.000000,
0.000000,
0.000000,
0.000000,
0.000000,
0.000000,
0.000000,
0.000000,
0.000000,
0.000000,
0.000000,
0.000000,
0.000000,
0.000000,
0.000000,
0.000000,
0.000000,
0.000000,
0.000000,
0.000000,
0.000000,
0.000000,
0.000000,
0.000000,
0.000000,
0.000000,
0.000000,
0.000000,
0.000000,
0.000000,
0.000000,
0.000000,
0.000000,
0.000000,
0.000000,
0.000000,
0.000000,
0.000000,
0.000000,
0.000000,
0.000000,
0.000000,
0.000000,
0.000000,
0.000000,
0.000000,
0.000000,
0.000000,
0.000000,
0.000000,
0.000000,
0.000000,
0.000000,
0.000000,
0.000000,
0.000000,
0.000000,
0.000000,
0.000000,
0.000000,
0.000000,
0.000000,
0.000000,
0.000000,
0.000000,
0.000000,
0.000000,
0.000000,
0.000000,
0.000000,
0.000000,
0.000000,
0.000000,
0.000000,
0.000000,
0.000000,
0.000000,
0.000000,
0.000000,
0.000000,
0.000000,
0.000000,
0.000000,
0.000000,
0.000000,
0.000000,
0.000000,
0.000000,
0.000000,
0.000000,
0.000000,
0.000000,
0.000000,
0.000000,
0.000000,
0.000000,
0.000000,
1.117313,
1.235688,
1.355125,
1.475625,
1.597188,
1.719813,
1.843500,
1.968250,
1.996888,
1.881570,
1.854533,
1.703631,
1.587409,
1.442683,
1.275244,
1.083026,
0.913432,
0.716210,
0.544556,
0.445049,
0.276159,
0.145885,
0.095238,
0.032571,
0.017455,
0.000251,
0.036096,
0.027625,
0.127775,
0.184649,
0.260573,
0.301172,
0.405961,
0.472591,
0.557465,
0.606586,
0.621953,
0.647461,
0.678472,
0.667273,
0.614499,
0.612124,
0.557352,
0.456733,
0.449822,
0.287453,
0.274041,
0.195070,
0.069790,
0.036287,
-0.057280,
-0.101621,
-0.152949,
-0.156286,
-0.209919,
-0.210316,
-0.212692,
-0.161849,
-0.204333,
-0.090181,
-0.123869,
-0.042280,
-0.010772,
0.082167,
0.083605,
0.147091,
0.163170,
0.236676,
0.215111,
0.251642,
0.285113,
0.273923,
0.266270,
0.256363,
0.293140,
0.230117,
0.219432,
0.199689,
0.128971,
0.152323,
0.117133,
0.132786,
0.094487,
0.057589,
0.064053,
0.065328,
0.066943,
0.068257,
0.069346,
0.118784,
0.119023,
0.124925,
0.178839,
0.183928,
0.194974,
0.205756,
0.265562,
0.276779,
0.294274,
0.311820,
0.330126,
0.300530,
0.320598,
0.335459,
0.302778,
0.319389,
0.330511,
0.293788,
0.257467,
0.312902,
0.216732,
0.273029,
0.219055,
0.269064,
0.214306,
0.165713,
0.207501,
0.242882,
0.186017,
0.182441,
0.220425,
0.209264,
0.203047,
0.244194,
0.235861,
0.232820,
0.228848,
0.273232,
0.219758,
0.269426,
0.263591,
0.264061,
0.263808,
0.263629,
0.263435,
0.263236,
0.263030,
0.262819,
0.262601,
0.213789,
0.262518,
0.207789,
0.256834,
0.201709,
0.201854,
0.243949,
0.188900,
0.188311,
0.181174,
0.223007,
0.166888,
0.213906,
0.205394,
0.154579,
0.200567,
0.240331,
0.188750,
0.191295,
0.236243,
0.184316,
0.235734,
0.231942,
0.234737,
0.188512,
0.240198,
0.237298,
0.192336,
0.244500,
0.242175,
0.197784,
0.201938,
0.249150,
0.199441,
0.204517,
0.203359,
0.251493,
0.201996,
0.207370,
0.206503,
0.206344,
0.206103,
0.205871,
0.205636,
0.205401,
0.205164,
0.204927,
0.204688,
0.204449,
0.204208,
0.203966,
0.252313,
0.203108,
0.208769,
0.208193,
0.208327,
0.256969,
0.208078,
0.214050,
0.262375,
0.213868,
0.220148,
0.220206,
0.220979,
0.221677,
0.222392,
0.223113,
0.223840,
0.224574,
0.225315,
0.226062,
0.178229,
0.227949,
0.222811,
0.223916,
0.224316,
0.224800,
0.176694,
0.226136,
0.220719,
0.221543,
0.221659,
0.221857,
0.222047,
0.222240,
0.222434,
0.222630,
0.222828,
0.223027,
0.223227,
0.223430,
0.223633,
0.223839,
0.224045,
0.224254,
0.224464,
0.224675,
0.224888,
0.225103,
0.176730,
0.225909,
0.220222,
0.220773,
0.220614,
0.220535,
0.220445,
0.220356,
0.220265,
0.220173,
0.220081,
0.219987,
0.219892,
0.219796,
0.219699,
0.219601,
0.219502,
0.219402,
0.219301,
0.219199,
0.219096,
0.218991,
0.218886,
0.218780,
0.218673,
0.218564,
0.218455,
0.218344,
0.218233,
0.218120,
0.218007,
0.217892,
0.217777,
0.217660,
0.217542,
0.217424,
0.217304,
0.217183,
0.217061,
0.216938,
0.216814,
0.216689,
0.216564,
0.216436,
0.216308,
0.216179,
0.216049,
0.215918,
0.215786,
0.215653,
0.215518,
0.215383,
0.215247,
0.263698,
0.214599,
0.220366,
0.219894,
0.220134,
0.220295,
0.220467,
0.220639,
0.220812,
0.220987,
0.221164,
0.221343,
0.221522,
0.173115,
0.222258,
0.216537,
0.217054,
0.216860,
0.216746,
0.216622,
0.216497,
0.216372,
0.216245,
0.216118,
0.215989,
0.215859,
0.215729,
0.264186,
0.215093,
0.220865,
0.220400,
0.220645,
0.220812,
0.220989,
0.221167,
0.221346,
0.221527,
0.221709,
0.221893,
0.222079,
0.222266,
0.222455,
0.174056,
0.223208,
0.217496,
0.218021,
0.217836,
0.217731,
0.217616,
0.217500,
0.217383,
0.217266,
0.217147,
0.217027,
0.216907,
0.216785,
0.216662,
0.216538,
0.216413,
0.264876,
0.215788,
0.221566,
0.221107,
0.221358,
0.221530,
0.221713,
0.221896,
0.222081,
0.222268,
0.222456,
0.174057,
0.223209,
0.217496,
0.218021,
0.217835,
0.217729,
0.217613,
0.217497,
0.217380,
0.217262,
0.217143,
0.217023,
0.216901,
0.216779,
0.216656,
0.216531,
0.216406,
0.216279,
0.216152,
0.264612,
0.215522,
0.221297,
0.220835,
0.221084,
0.221253,
0.221433,
0.221614,
0.221797,
0.221981,
0.222166,
0.222354,
0.173953,
0.223104,
0.217390,
0.217914,
0.217727,
0.217621,
0.217504,
0.217386,
0.217268,
0.217149,
0.217029,
0.216907,
0.216785,
0.216662,
0.216537,
0.216412,
0.216285,
0.216158,
0.264618,
0.215528,
0.221303,
0.220841,
0.221090,
0.221259,
0.221440,
0.221620,
0.221803,
0.221987,
0.222173,
0.222360,
0.173959,
0.223110,
0.217396,
0.217920,
0.217734,
0.217627,
0.217510,
0.217393,
0.217274,
0.217155,
0.217035,
0.216914,
0.216791,
0.216668,
0.216543,
0.216418,
0.216292,
0.216164,
0.264624,
0.215534,
0.221310,
0.220847,
0.221096,
0.221266,
0.221446,
0.221627,
0.221809,
0.221993,
0.222179,
0.222366,
0.173966,
0.223117,
0.217402,
0.217926,
0.217740,
0.217633,
0.217516,
0.217399,
0.217281,
0.217162,
0.217041,
0.216920,
0.216798,
0.216674,
0.216550,
0.216424,
0.216298,
0.216170,
0.264631,
0.215541,
0.221316,
0.220854,
0.221102,
0.221272,
0.221452,
0.221633,
0.221816,
0.222000,
0.222185,
0.222372,
0.173972,
0.223123,
0.217409,
0.217933,
0.217746,
0.217639,
0.217522,
0.217405,
0.217287,
0.217168,
0.217048,
0.216926,
0.216804,
0.216681,
0.216556,
0.216431,
0.216304,
0.216177,
0.264637,
0.215547,
0.221322,
0.220860,
0.221109,
0.221278,
0.221459,
0.221639,
0.221822,
0.222006,
0.222192,
0.222379,
0.173978,
0.223129,
0.217415,
0.217939,
0.217753,
0.217646,
0.217529,
0.217412,
0.217294,
0.217174,
0.217054,
0.216933,
0.216810,
0.216687,
0.216563,
0.216437,
0.216311,
0.216183,
0.264644,
0.215553,
0.221329,
0.220866,
0.221115,
0.221285,
0.221465,
0.221646,
0.221828,
0.222012,
0.222198,
0.222385,
0.173985,
0.223136,
0.217422,
0.217946,
0.217759,
0.217652,
0.217535,
0.217418,
0.217300,
0.217181,
0.217061,
0.216939,
0.216817,
0.216694,
0.216569,
0.216444,
0.216317,
0.216190,
0.264650,
0.215560,
0.221335,
0.220873,
0.221122,
0.221291,
0.221472,
0.221652,
0.221835,
0.222019,
0.222205,
0.222392,
0.173991,
0.223142,
0.217428,
0.217952,
0.217766,
0.217659,
0.217542,
0.217425,
0.217307,
0.217187,
0.217067,
0.216946,
0.216823,
0.216700,
0.216576,
0.216450,
0.216324,
0.216196,
0.264657,
0.215566,
0.221342,
0.220880,
0.221128,
0.221298,
0.221478,
0.221659,
0.221842,
0.222026,
0.222211,
0.222398,
0.173998,
0.223149,
0.217435,
0.217959,
0.217772,
0.217665,
0.217548,
0.217431,
0.217313,
0.217194,
0.217074,
0.216952,
0.216830,
0.216707,
0.216582,
0.216457,
0.216330,
0.216203,
0.264663,
0.215573,
0.221349,
0.220886,
0.221135,
0.221305,
0.221485,
0.221666,
0.221848,
0.222032,
0.222218,
0.222405,
0.174005,
0.223156,
0.217441,
0.217965,
0.217779,
0.217672,
0.217555,
-0.899874,
-1.018368,
-1.137924,
-1.258545,
-1.380229,
-1.502976,
-1.626787,
-1.751661,
-1.731837,
-1.714191,
-1.583831,
-1.488251,
-1.365543,
-1.221355,
-1.053655,
-0.861265,
-0.691487,
-0.494080,
-0.370827,
-0.173587,
-0.059371,
0.028742,
0.127828,
0.184861,
0.200491,
0.217510,
0.181556,
0.189912,
0.089640,
0.032650,
-0.043393,
-0.084112,
-0.189025,
-0.255777,
-0.340773,
-0.390020,
-0.405515,
-0.431150,
-0.462285,
-0.402631,
-0.447534,
-0.390425,
-0.293433,
-0.289784,
-0.179631,
-0.121169,
-0.003726,
0.019835,
0.151607,
0.184569,
0.278392,
0.322904,
0.374410,
0.377930,
0.431743,
0.432326,
0.386300,
0.433190,
0.372413,
0.362231,
0.291948,
0.265824,
0.227884,
0.135549,
0.133911,
0.070317,
0.054119,
-0.019505,
0.001939,
-0.034713,
-0.068306,
-0.057240,
-0.049710,
-0.039930,
-0.028247,
-0.014311,
0.002154,
0.021435,
0.043818,
0.069596,
0.099061,
0.132510,
0.121654,
0.164340,
0.157420,
0.156395,
0.154958,
0.153827,
0.104338,
0.152634,
0.097719,
0.049657,
0.092770,
0.033088,
-0.020126,
0.017537,
-0.047904,
-0.058602,
-0.076283,
-0.093933,
-0.112354,
-0.082875,
-0.103057,
-0.118039,
-0.085476,
-0.102206,
-0.113449,
-0.076847,
-0.040651,
-0.047622,
-0.049123,
-0.050680,
-0.003071,
-0.003909,
0.001685,
0.007478,
0.014187,
0.021739,
0.030152,
-0.009155,
0.049959,
0.006504,
-0.029452,
0.026418,
-0.019849,
-0.010399,
-0.055538,
-0.002111,
-0.051911,
-0.046197,
-0.046791,
-0.046661,
-0.046608,
-0.046541,
-0.046469,
-0.046392,
-0.046310,
-0.046223,
-0.046130,
0.002555,
-0.046301,
0.008300,
0.007711,
0.013745,
-0.029211,
0.025777,
0.026210,
0.033203,
0.039808,
-0.001768,
0.054519,
0.007685,
0.016378,
0.018789,
0.021946,
0.025049,
0.028191,
-0.017227,
0.034929,
-0.016338,
-0.012381,
-0.015014,
0.031378,
-0.020141,
-0.017071,
-0.020528,
0.025024,
-0.027341,
0.023462,
-0.029815,
0.020773,
-0.032801,
0.017498,
0.012218,
0.013261,
0.013589,
0.014001,
0.014406,
0.014814,
0.015226,
0.015640,
0.016056,
0.016475,
0.016897,
0.017321,
0.017748,
0.018177,
-0.029978,
0.019415,
0.013946,
0.014717,
-0.033810,
0.015290,
0.009517,
-0.038606,
0.010104,
0.004029,
-0.044410,
0.003984,
-0.002411,
-0.002584,
-0.003473,
-0.004290,
-0.005123,
-0.005964,
-0.006812,
-0.007667,
0.040056,
-0.009774,
-0.004747,
-0.005965,
-0.006478,
0.041510,
-0.008044,
-0.002740,
-0.003677,
-0.003907,
-0.004221,
0.044060,
-0.005210,
0.000383,
-0.000263,
-0.000200,
-0.000218,
-0.000226,
-0.000236,
-0.000245,
-0.048841,
0.000108,
-0.005807,
-0.005486,
-0.005877,
-0.006189,
-0.006514,
-0.006840,
-0.007168,
-0.007500,
-0.007833,
0.040417,
-0.008880,
-0.003316,
-0.003991,
-0.003956,
-0.004003,
0.044548,
-0.004449,
0.001419,
0.001051,
0.001394,
0.001660,
0.001937,
0.002216,
0.002498,
0.002782,
0.003068,
0.003358,
0.003650,
-0.044643,
0.004613,
-0.000994,
-0.000361,
-0.000437,
-0.000433,
-0.000438,
-0.000442,
-0.000446,
-0.000450,
-0.000455,
-0.000459,
-0.000463,
-0.000467,
-0.000471,
-0.000475,
-0.000479,
-0.000483,
-0.000488,
-0.000492,
-0.000496,
-0.000500,
-0.000504,
-0.000508,
-0.000512,
0.048071,
-0.000892,
0.005010,
0.004675,
0.005052,
0.005352,
0.005663,
0.005975,
-0.042297,
0.006980,
0.001394,
0.002048,
0.001992,
0.002017,
-0.046555,
0.002421,
-0.003468,
-0.003121,
-0.003486,
-0.003773,
-0.004071,
-0.004371,
-0.004674,
0.043608,
-0.005659,
-0.000063,
-0.000707,
-0.000641,
-0.000656,
-0.000662,
0.047918,
-0.001047,
0.004852,
0.004515,
0.004890,
0.005186,
0.005495,
-0.042783,
0.006489,
0.000898,
0.001547,
0.001486,
0.001505,
-0.047071,
0.001899,
-0.003996,
-0.003654,
-0.004024,
-0.004315,
-0.004619,
-0.004924,
-0.005232,
0.043044,
-0.006227,
-0.000637,
-0.001286,
-0.001226,
-0.001246,
0.047331,
-0.001640,
0.004254,
0.003911,
0.004281,
0.004572,
0.004876,
0.005180,
0.005488,
-0.042789,
0.006482,
0.000891,
0.001540,
0.001479,
0.001498,
-0.047078,
0.001892,
-0.004003,
-0.003660,
-0.004030,
-0.004322,
-0.004626,
-0.004931,
-0.005239,
0.043038,
-0.006234,
-0.000644,
-0.001293,
-0.001232,
-0.001253,
0.047324,
-0.001647,
0.004247,
0.003905,
0.004274,
0.004565,
0.004869,
0.005173,
0.005481,
-0.042796,
0.006475,
0.000884,
0.001533,
0.001472,
0.001492,
-0.047085,
0.001885,
-0.004009,
-0.003667,
-0.004037,
-0.004329,
-0.004633,
-0.004938,
-0.005246,
0.043031,
-0.006241,
-0.000651,
-0.001300,
-0.001239,
-0.001259,
0.047317,
-0.001654,
0.004240,
0.003898,
0.004267,
0.004559,
0.004862,
0.005167,
0.005474,
-0.042803,
0.006468,
0.000878,
0.001526,
0.001465,
0.001485,
-0.047092,
0.001878,
-0.004016,
-0.003674,
-0.004044,
-0.004336,
-0.004640,
-0.004945,
-0.005253,
0.043024,
-0.006248,
-0.000658,
-0.001307,
-0.001246,
-0.001266,
0.047310,
-0.001661,
0.004233,
0.003891,
0.004260,
0.004552,
0.004855,
0.005160,
0.005467,
-0.042810,
0.006461,
0.000871,
0.001519,
0.001458,
0.001478,
-0.047099,
0.001871,
-0.004023,
-0.003681,
-0.004051,
-0.004343,
-0.004646,
-0.004952,
-0.005260,
0.043017,
-0.006255,
-0.000664,
-0.001313,
-0.001253,
-0.001273,
0.047303,
-0.001667,
0.004227,
0.003884,
0.004254,
0.004545,
0.004848,
0.005153,
0.005460,
-0.042817,
0.006455,
0.000864,
0.001512,
0.001451,
0.001471,
-0.047106,
0.001865,
-0.004030,
-0.003688,
-0.004058,
-0.004350,
-0.004653,
-0.004958,
-0.005266,
0.043010,
-0.006261,
-0.000671,
-0.001320,
-0.001260,
-0.001280,
0.047296,
-0.001674,
0.004220,
0.003877,
0.004247,
0.004538,
0.004841,
0.005146,
0.005454,
-0.042824,
0.006448,
0.000857,
0.001506,
0.001445,
0.001464,
-0.047112,
0.001858,
-0.004037,
-0.003695,
-0.004065,
-0.004356,
-0.004660,
-0.004965,
-0.005273,
0.043003,
-0.006268,
-0.000678,
-0.001327,
-0.001267,
-0.001287,
0.047290,
-0.001681,
0.004213,
0.003870,
0.004240,
0.004531,
0.004835,
0.005139,
0.005447,
-0.042830,
0.006441,
0.000850,
0.001499,
0.001438,
0.001458,
-0.047119,
0.001851,
-0.004043,
-0.003701,
-0.004071,
-0.004363,
-0.004667,
-0.004972,
-0.005280,
0.042997,
-0.006275,
-0.000685,
-0.001334,
-0.001273,
-0.001293,
0.047283,
-0.001688,
0.004206,
0.003864,
0.004233,
0.004525,
0.004828,
0.005133,
0.005440,
-0.042837,
0.006434,
0.000843,
0.001492,
0.001431,
0.001451,
-0.047126,
0.001844,
-0.004050,
-0.003708,
-0.004078,
-0.004370,
-0.004674,
-0.004979,
-0.005287,
0.042990,
-0.006282,
-0.000692,
-0.001341,
-0.001280,
-0.001300,
0.047276,
-0.001695,
0.004199,
0.003857,
0.004226,
0.004518,
0.004821,
0.005126,
0.005433,
-0.042844,
0.006427,
0.000837,
0.001485,
0.001424,
0.001444,
-0.047133,
0.001837,
-0.004057,
-0.003715,
-0.004085,
-0.004377,
-0.004681,
-0.004986,
-0.005294,
0.042983,
-0.006289,
-0.000699,
-0.001348,
-0.001287,
-0.001307,
0.047269,
-0.001701,
0.004193,
0.003850,
0.004219,
0.004511,
0.004814,
0.005119,
0.005426,
-0.042851,
0.006420,
0.000830,
0.001478,
0.001417,
0.001437,
-0.047140,
0.001831,
-0.004064,
-0.003722,
-0.004092,
-0.004384,
-0.004687,
-0.004993,
-0.005301,
0.042976,
-0.006296,
-0.000705,
-0.001354,
-0.001294,
-0.001314,
0.047262,
-0.001708,
0.004186,
0.003843,
0.004213,
0.004504,
0.004807,
0.005112,
0.005420,
-0.042858,
0.006414,
0.000823,
0.001472,
0.001411,
0.001430,
-0.047146,
0.001824,
-0.004071,
-0.003729,
-0.004099,
-0.004391,
-0.004694,
-0.004999,
-0.005307,
0.042969,
-0.006302,
-0.000712,
-0.001361,
-0.001301,
-0.001321,
0.047256,
-0.001715,
0.004179,
0.003836,
0.004206,
0.004497,
0.004800,
0.005105,
0.005413,
-0.042864,
0.006407,
0.000816,
0.001465,
0.001404,
0.001423,
-0.047153,
0.001817,
-0.004078,
-0.003735,
-0.004105,
-0.004397,
-0.004701,
-0.005006,
-0.005314,
0.042963,
-0.006309,
-0.000719,
-0.001368,
-0.001307,
-0.001328,
0.047249,
-0.001722,
0.004172,
0.003829,
0.004199,
0.004490,
0.004794,
0.005098,
0.005406,
-0.042871,
0.006400,
0.000809,
0.001458,
0.001397,
0.001417,
-0.047160,
0.001810,
-0.004084,
-0.003742,
-0.004112,
-0.004404,
-0.004708,
-0.005013,
-0.005321,
0.042956,
-0.006316,
-0.000726,
-0.001375,
-0.001314,
-0.001334,
0.047242,
-0.001729,
0.004165,
0.003823,
0.004192,
0.004484,
0.004787,
0.005092,
0.005399,
-0.042878,
0.006393,
0.000803,
0.001451,
0.001390,
0.001410,
-0.047167,
0.001803,
-0.004091,
-0.003749,
-0.004119,
-0.004411,
-0.004715,
-0.005020,
-0.005328,
0.042949,
-0.006323,
-0.000733,
-0.001382,
-0.001321,
-0.001341,
0.047235,
-0.001736,
0.004158,
0.003816,
0.004185,
0.004477,
0.004780,
0.005085,
0.005392,
-0.042885,
0.006386,
0.000796,
0.001444,
0.001383,
0.001403,
-0.047174,
0.001796,
-0.004098,
-0.003756,
-0.004126,
-0.004418,
-0.004721,
-0.005027,
-0.005335,
0.042942,
-0.006330,
-0.000739,
-0.001388,
-0.001328,
-0.001348,
0.047228,
-0.001742,
0.004152,
0.003809,
0.004179,
0.004470,
0.004773,
0.005078,
0.005385,
-0.042892,
0.006380,
0.000789
