1651 9 e000 1 641 10
0.00000000e+00
0.00000000e+00
0.00000000e+00
0.00000000e+00
0.00000000e+00
0.00000000e+00
0.00000000e+00
0.00000000e+00
0.00000000e+00
0.00000000e+00
0.00000000e+00
0.00000000e+00
0.00000000e+00
0.00000000e+00
0.00000000e+00
0.00000000e+00
0.00000000e+00
0.00000000e+00
0.00000000e+00
0.00000000e+00
0.00000000e+00
0.00000000e+00
0.00000000e+00
0.00000000e+00
0.00000000e+00
0.00000000e+00
0.00000000e+00
0.00000000e+00
0.00000000e+00
0.00000000e+00
0.00000000e+00
0.00000000e+00
0.00000000e+00
0.00000000e+00
0.00000000e+00
0.00000000e+00
0.00000000e+00
0.00000000e+00
0.00000000e+00
0.00000000e+00
0.00000000e+00
0.00000000e+00
0.00000000e+00
0.00000000e+00
0.00000000e+00
0.00000000e+00
0.00000000e+00
0.00000000e+00
0.00000000e+00
0.00000000e+00
0.00000000e+00
0.00000000e+00
0.00000000e+00
0.00000000e+00
0.00000000e+00
0.00000000e+00
0.00000000e+00
0.00000000e+00
0.00000000e+00
0.00000000e+00
0.00000000e+00
0.00000000e+00
0.00000000e+00
0.00000000e+00
0.00000000e+00
0.00000000e+00
0.00000000e+00
0.00000000e+00
0.00000000e+00
0.00000000e+00
0.00000000e+00
0.00000000e+00
0.00000000e+00
0.00000000e+00
0.00000000e+00
0.00000000e+00
0.00000000e+00
0.00000000e+00
0.00000000e+00
0.00000000e+00
0.00000000e+00
0.00000000e+00
0.00000000e+00
0.00000000e+00
0.00000000e+00
0.00000000e+00
0.00000000e+00
0.00000000e+00
0.00000000e+00
0.00000000e+00
0.00000000e+00
0.00000000e+00
0.00000000e+00
0.00000000e+00
0.00000000e+00
0.00000000e+00
0.00000000e+00
0.00000000e+00
0.00000000e+00
0.00000000e+00
0.00000000e+00
0.00000000e+00
0.00000000e+00
0.00000000e+00
0.00000000e+00
0.00000000e+00
0.00000000e+00
0.00000000e+00
0.00000000e+00
0.00000000e+00
0.00000000e+00
0.00000000e+00
0.00000000e+00
0.00000000e+00
0.00000000e+00
0.00000000e+00
0.00000000e+00
0.00000000e+00
0.00000000e+00
0.00000000e+00
0.00000000e+00
0.00000000e+00
0.00000000e+00
0.00000000e+00
0.00000000e+00
0.00000000e+00
0.00000000e+00
0.00000000e+00
0.00000000e+00
0.00000000e+00
0.00000000e+00
0.00000000e+00
0.00000000e+00
0.00000000e+00
0.00000000e+00
0.00000000e+00
0.00000000e+00
0.00000000e+00
0.00000000e+00
0.00000000e+00
0.00000000e+00
0.00000000e+00
0.00000000e+00
0.00000000e+00
0.00000000e+00
0.00000000e+00
0.00000000e+00
0.00000000e+00
0.00000000e+00
0.00000000e+00
0.00000000e+00
0.00000000e+00
0.00000000e+00
0.00000000e+00
0.00000000e+00
0.00000000e+00
0.00000000e+00
0.00000000e+00
0.00000000e+00
0.00000000e+00
0.00000000e+00
4.96670883e-06
1.97340158e-05
4.41034944e-05
7.78778335e-05
1.20860892e-04
1.72857754e-04
2.33674774e-04
3.03119633e-04
3.81001380e-04
4.67130480e-04
5.61318857e-04
6.63379934e-04
7.73128675e-04
8.90381620e-04
1.01495693e-03
1.14667439e-03
1.28535551e-03
1.43082347e-03
1.58290322e-03
1.74142146e-03
1.90620671e-03
2.07708929e-03
2.25390138e-03
2.43647703e-03
2.62465216e-03
2.81826463e-03
3.01715419e-03
3.22116255e-03
3.43013340e-03
3.64391236e-03
3.86234706e-03
4.08528713e-03
4.31258420e-03
4.54409192e-03
4.77966596e-03
5.01916403e-03
5.26244588e-03
5.50937329e-03
5.75981010e-03
6.01362220e-03
6.27067753e-03
6.53084608e-03
6.79399991e-03
7.06001310e-03
7.32876182e-03
7.60012427e-03
7.87398069e-03
8.15021338e-03
8.42870667e-03
8.70934692e-03
8.99202251e-03
9.27662384e-03
9.56304334e-03
9.85117542e-03
1.01409165e-02
1.04321650e-02
1.07248212e-02
1.10187875e-02
1.13139682e-02
1.16102695e-02
1.19075996e-02
1.22058685e-02
1.25049883e-02
1.28048727e-02
1.31054375e-02
1.34066003e-02
1.37082805e-02
1.40103995e-02
1.43128802e-02
1.46156476e-02
1.49186283e-02
1.52217508e-02
1.55249452e-02
1.58281434e-02
1.61312791e-02
1.64342875e-02
1.67371056e-02
1.70396721e-02
1.73419272e-02
1.76438129e-02
1.79452726e-02
1.82462514e-02
1.85466960e-02
1.88465546e-02
1.91457769e-02
1.94443141e-02
1.97421188e-02
2.00391454e-02
2.03353494e-02
2.06306877e-02
2.09251190e-02
2.12186029e-02
2.15111008e-02
2.18025751e-02
2.20929896e-02
2.23823096e-02
2.26705016e-02
2.29575331e-02
2.32433732e-02
2.35279920e-02
2.38113609e-02
2.40934525e-02
2.43742405e-02
2.46536998e-02
2.49318062e-02
2.52085370e-02
2.54838703e-02
2.57577853e-02
2.60302623e-02
2.63012825e-02
2.65708284e-02
2.68388830e-02
2.71054308e-02
2.73704568e-02
2.76339472e-02
2.78958890e-02
2.81562702e-02
2.84150794e-02
2.86723063e-02
2.89279414e-02
2.91819760e-02
2.94344020e-02
2.96852124e-02
2.99344007e-02
3.01819614e-02
3.04278894e-02
3.06721805e-02
3.09148313e-02
3.11558388e-02
3.13952008e-02
3.16329158e-02
3.18689828e-02
3.21034015e-02
3.23361721e-02
3.25672955e-02
3.27967731e-02
3.30246067e-02
3.32507989e-02
3.34753525e-02
3.36982711e-02
3.39195586e-02
3.41392195e-02
3.43572585e-02
3.45736810e-02
3.47884927e-02
3.50016999e-02
3.52133089e-02
3.54233268e-02
3.56317608e-02
3.58386187e-02
3.60439083e-02
3.62476381e-02
3.64498167e-02
3.66504530e-02
3.68495563e-02
3.70471362e-02
3.72432025e-02
3.74377653e-02
3.76308348e-02
3.78224217e-02
3.80125368e-02
3.82011910e-02
3.83883956e-02
3.85741621e-02
3.87585019e-02
3.89414270e-02
3.91229492e-02
3.93030807e-02
3.94818337e-02
3.96592207e-02
3.98352540e-02
4.00099465e-02
4.01833109e-02
4.03553600e-02
4.05261069e-02
4.06955645e-02
4.08637460e-02
4.10306647e-02
4.11963337e-02
4.13607665e-02
4.15239765e-02
4.16859770e-02
4.18467815e-02
4.20064036e-02
4.21648568e-02
4.23221547e-02
4.24783107e-02
4.26333385e-02
4.27872517e-02
4.29400638e-02
4.30917883e-02
4.32424389e-02
4.33920290e-02
4.35405722e-02
4.36880819e-02
4.38345715e-02
4.39800544e-02
4.41245440e-02
4.42680537e-02
4.44105965e-02
4.45521858e-02
4.46928347e-02
4.48325562e-02
4.49713633e-02
4.51092690e-02
4.52462861e-02
4.53824274e-02
4.55177056e-02
4.56521334e-02
4.57857231e-02
4.59184874e-02
4.60504385e-02
4.61815886e-02
4.63119500e-02
4.64415347e-02
4.65703546e-02
4.66984215e-02
4.68257473e-02
4.69523436e-02
4.70782218e-02
4.72033935e-02
4.73278699e-02
4.74516621e-02
4.75747813e-02
4.76972384e-02
4.78190443e-02
4.79402096e-02
4.80607450e-02
4.81806609e-02
4.82999677e-02
4.84186755e-02
4.85367946e-02
4.86543349e-02
4.87713062e-02
4.88877183e-02
4.90035807e-02
4.91189029e-02
4.92336943e-02
4.93479641e-02
4.94617214e-02
4.95749750e-02
4.96877339e-02
4.98000068e-02
4.99118022e-02
5.00231286e-02
5.01339942e-02
5.02444073e-02
5.03543760e-02
5.04639081e-02
5.05730114e-02
5.06816937e-02
5.07899625e-02
5.08978252e-02
5.10052891e-02
5.11123614e-02
5.12190491e-02
5.13253592e-02
5.14312984e-02
5.15368734e-02
5.16420908e-02
5.17469571e-02
5.18514784e-02
5.19556611e-02
5.20595112e-02
5.21630346e-02
5.22662372e-02
5.23691247e-02
5.24717028e-02
5.25739768e-02
5.26759523e-02
5.27776344e-02
5.28790283e-02
5.29801390e-02
5.30809716e-02
5.31815307e-02
5.32818212e-02
5.33818476e-02
5.34816145e-02
5.35811263e-02
5.36803872e-02
5.37794015e-02
5.38781732e-02
5.39767064e-02
5.40750050e-02
5.41730728e-02
5.42709134e-02
5.43685305e-02
5.44659277e-02
5.45631083e-02
5.46600757e-02
5.47568332e-02
5.48533839e-02
5.49497308e-02
5.50458771e-02
5.51418255e-02
5.52375789e-02
5.53331401e-02
5.54285117e-02
5.55236963e-02
5.56186964e-02
5.57135144e-02
5.58081528e-02
5.59026136e-02
5.59968992e-02
5.60910117e-02
5.61849532e-02
5.62787256e-02
5.63723309e-02
5.64657709e-02
5.65590474e-02
5.66521622e-02
5.67451169e-02
5.68379131e-02
5.69305524e-02
5.70230362e-02
5.71153659e-02
5.72075430e-02
5.72995687e-02
5.73914443e-02
5.74831711e-02
5.75747500e-02
5.76661823e-02
5.77574690e-02
5.78486111e-02
5.79396095e-02
5.80304652e-02
5.81211789e-02
5.82117516e-02
5.83021839e-02
5.83924767e-02
5.84826305e-02
5.85726461e-02
5.86625239e-02
5.87522647e-02
5.88418690e-02
5.89313371e-02
5.90206696e-02
5.91098669e-02
5.91989294e-02
5.92878574e-02
5.93766512e-02
5.94653112e-02
5.95538376e-02
5.96422307e-02
5.97304905e-02
5.98186174e-02
5.99066115e-02
5.99944729e-02
6.00822016e-02
6.01697978e-02
6.02572615e-02
6.03445927e-02
6.04317915e-02
6.05188579e-02
6.06057917e-02
6.06925930e-02
6.07792616e-02
6.08657976e-02
6.09522007e-02
6.10384709e-02
6.11246079e-02
6.12106118e-02
6.12964822e-02
6.13822190e-02
6.14678221e-02
6.15532911e-02
6.16386259e-02
6.17238263e-02
6.18088919e-02
6.18938226e-02
6.19786181e-02
6.20632781e-02
6.21478023e-02
6.22321904e-02
6.23164422e-02
6.24005573e-02
6.24845355e-02
6.25683763e-02
6.26520795e-02
6.27356448e-02
6.28190718e-02
6.29023601e-02
6.29855096e-02
6.30685197e-02
6.31513901e-02
6.32341206e-02
6.33167107e-02
6.33991601e-02
6.34814684e-02
6.35636353e-02
6.36456604e-02
6.37275434e-02
6.38092839e-02
6.38908815e-02
6.39723360e-02
6.40536468e-02
6.41348137e-02
6.42158364e-02
6.42967144e-02
6.43774474e-02
6.44580351e-02
6.45384771e-02
6.46187731e-02
6.46989227e-02
6.47789256e-02
6.48587815e-02
6.49384900e-02
6.50180508e-02
6.50974636e-02
6.51767281e-02
6.52558439e-02
6.53348108e-02
6.54136284e-02
6.54922964e-02
6.55708145e-02
6.56491826e-02
6.57274001e-02
6.58054670e-02
6.58833828e-02
6.59611474e-02
6.60387605e-02
6.61162218e-02
6.61935311e-02
6.62706881e-02
6.63476926e-02
6.64245443e-02
6.65012431e-02
6.65777886e-02
6.66541808e-02
6.67304194e-02
6.68065041e-02
6.68824348e-02
6.69582114e-02
6.70338335e-02
6.71093012e-02
6.71846141e-02
6.72597721e-02
6.73347751e-02
6.74096229e-02
6.74843155e-02
6.75588525e-02
6.76332341e-02
6.77074599e-02
6.77815299e-02
6.78554441e-02
6.79292022e-02
6.80028043e-02
6.80762501e-02
6.81495398e-02
6.82226731e-02
6.82956500e-02
6.83684706e-02
6.84411346e-02
6.85136421e-02
6.85859930e-02
6.86581874e-02
6.87302251e-02
6.88021063e-02
6.88738308e-02
6.89453986e-02
6.90168099e-02
6.90880645e-02
6.91591625e-02
6.92301040e-02
6.93008889e-02
6.93715173e-02
6.94419892e-02
6.95123048e-02
6.95824640e-02
6.96524669e-02
6.97223136e-02
6.97920041e-02
6.98615386e-02
6.99309171e-02
7.00001397e-02
7.00692065e-02
7.01381177e-02
7.02068732e-02
7.02754733e-02
7.03439181e-02
7.04122077e-02
7.04803422e-02
7.05483217e-02
7.06161464e-02
7.06838165e-02
7.07513321e-02
7.08186933e-02
7.08859004e-02
7.09529534e-02
7.10198526e-02
7.10865981e-02
7.11531902e-02
7.12196289e-02
7.12859146e-02
7.13520473e-02
7.14180273e-02
7.14838548e-02
7.15495300e-02
7.16150531e-02
7.16804243e-02
7.17456439e-02
7.18107120e-02
7.18756290e-02
7.19403949e-02
7.20050101e-02
7.20694748e-02
7.21337893e-02
7.21979537e-02
7.22619684e-02
7.23258335e-02
7.23895494e-02
7.24531163e-02
7.25165345e-02
7.25798042e-02
7.26429256e-02
7.27058992e-02
7.27687250e-02
7.28314035e-02
7.28939349e-02
7.29563194e-02
7.30185574e-02
7.30806491e-02
7.31425949e-02
7.32043950e-02
7.32660496e-02
7.33275592e-02
7.33889240e-02
7.34501443e-02
7.35112204e-02
7.35721526e-02
7.36329412e-02
7.36935865e-02
7.37540888e-02
7.38144485e-02
7.38746658e-02
7.39347410e-02
7.39946746e-02
7.40544667e-02
7.41141177e-02
7.41736280e-02
7.42329977e-02
7.42922274e-02
7.43513172e-02
7.44102675e-02
7.44690787e-02
7.45277510e-02
7.45862848e-02
7.46446804e-02
7.47029382e-02
7.47610584e-02
7.48190414e-02
7.48768875e-02
7.49345971e-02
7.49921705e-02
7.50496079e-02
7.51069099e-02
7.51640766e-02
7.52211084e-02
7.52780056e-02
7.53347687e-02
7.53913978e-02
7.54478934e-02
7.55042558e-02
7.55604853e-02
7.56165823e-02
7.56725470e-02
7.57283798e-02
7.57840811e-02
7.58396512e-02
7.58950904e-02
7.59503991e-02
7.60055775e-02
7.60606261e-02
7.61155451e-02
7.61703350e-02
7.62249959e-02
7.62795283e-02
7.63339325e-02
7.63882089e-02
7.64423576e-02
7.64963792e-02
7.65502739e-02
7.66040420e-02
7.66576840e-02
7.67112000e-02
7.67645904e-02
7.68178557e-02
7.68709960e-02
7.69240118e-02
7.69769033e-02
7.70296708e-02
7.70823148e-02
7.71348355e-02
7.71872333e-02
7.72395084e-02
7.72916613e-02
7.73436921e-02
7.73956013e-02
7.74473892e-02
7.74990560e-02
7.75506022e-02
7.76020279e-02
7.76533336e-02
7.77045196e-02
7.77555861e-02
7.78065335e-02
7.78573621e-02
7.79080722e-02
7.79586642e-02
7.80091383e-02
7.80594948e-02
7.81097341e-02
7.81598564e-02
7.82098621e-02
7.82597515e-02
7.83095249e-02
7.83591825e-02
7.84087248e-02
7.84581519e-02
7.85074643e-02
7.85566621e-02
7.86057457e-02
7.86547155e-02
7.87035716e-02
7.87523144e-02
7.88009442e-02
7.88494612e-02
7.88978659e-02
7.89461584e-02
7.89943391e-02
7.90424082e-02
7.90903660e-02
7.91382129e-02
7.91859491e-02
7.92335748e-02
7.92810905e-02
7.93284963e-02
7.93757926e-02
7.94229796e-02
7.94700576e-02
7.95170269e-02
7.95638878e-02
7.96106405e-02
7.96572854e-02
7.97038226e-02
7.97502526e-02
7.97965755e-02
7.98427916e-02
7.98889012e-02
7.99349045e-02
7.99808019e-02
8.00265936e-02
8.00722799e-02
8.01178610e-02
8.01633372e-02
8.02087088e-02
8.02539760e-02
8.02991391e-02
8.03441983e-02
8.03891540e-02
8.04340063e-02
8.04787555e-02
8.05234020e-02
8.05679459e-02
8.06123875e-02
8.06567270e-02
8.07009647e-02
8.07451009e-02
8.07891359e-02
8.08330697e-02
8.08769028e-02
8.09206353e-02
8.09642676e-02
8.10077998e-02
8.10512322e-02
8.10945650e-02
8.11377985e-02
8.11809330e-02
8.12239686e-02
8.12669056e-02
8.13097443e-02
8.13524849e-02
8.13951276e-02
8.14376727e-02
8.14801204e-02
8.15224709e-02
8.15647245e-02
8.16068813e-02
8.16489418e-02
8.16909060e-02
8.17327742e-02
8.17745466e-02
8.18162236e-02
8.18578052e-02
8.18992917e-02
8.19406834e-02
8.19819804e-02
8.20231830e-02
8.20642915e-02
8.21053060e-02
8.21462268e-02
8.21870541e-02
8.22277881e-02
8.22684290e-02
8.23089771e-02
8.23494326e-02
8.23897957e-02
8.24300665e-02
8.24702454e-02
8.25103326e-02
8.25503282e-02
8.25902325e-02
8.26300456e-02
8.26697679e-02
8.27093995e-02
8.27489406e-02
8.27883915e-02
8.28277523e-02
8.28670233e-02
8.29062046e-02
8.29452965e-02
8.29842992e-02
8.30232129e-02
8.30620378e-02
8.31007741e-02
8.31394220e-02
8.31779817e-02
8.32164534e-02
8.32548374e-02
8.32931337e-02
8.33313427e-02
8.33694646e-02
8.34074994e-02
8.34454475e-02
8.34833090e-02
8.35210842e-02
8.35587732e-02
8.35963762e-02
8.36338934e-02
8.36713250e-02
8.37086713e-02
8.37459323e-02
8.37831084e-02
8.38201996e-02
8.38572063e-02
8.38941285e-02
8.39309665e-02
8.39677205e-02
8.40043907e-02
8.40409772e-02
8.40774802e-02
8.41139000e-02
8.41502367e-02
8.41864905e-02
8.42226616e-02
8.42587502e-02
8.42947565e-02
8.43306807e-02
8.43665229e-02
8.44022833e-02
8.44379622e-02
8.44735596e-02
8.45090759e-02
8.45445111e-02
8.45798655e-02
8.46151392e-02
8.46503325e-02
8.46854454e-02
8.47204783e-02
8.47554312e-02
8.47903044e-02
8.48250980e-02
8.48598122e-02
8.48944472e-02
8.49290031e-02
8.49634802e-02
8.49978787e-02
8.50321986e-02
8.50664403e-02
8.51006037e-02
8.51346893e-02
8.51686970e-02
8.52026271e-02
8.52364798e-02
8.52702552e-02
8.53039535e-02
8.53375749e-02
8.53711195e-02
8.54045876e-02
8.54379793e-02
8.54712948e-02
8.55045342e-02
8.55376977e-02
8.55707855e-02
8.56037978e-02
8.56367347e-02
8.56695964e-02
8.57023831e-02
8.57350949e-02
8.57677320e-02
8.58002946e-02
8.58327828e-02
8.58651968e-02
8.58975369e-02
8.59298030e-02
8.59619955e-02
8.59941144e-02
8.60261600e-02
8.60581324e-02
8.60900318e-02
8.61218583e-02
8.61536121e-02
8.61852934e-02
8.62169023e-02
8.62484390e-02
8.62799037e-02
8.63112964e-02
8.63426175e-02
8.63738670e-02
8.64050451e-02
8.64361519e-02
8.64671877e-02
8.64981525e-02
8.65290467e-02
8.65598702e-02
8.65906232e-02
8.66213060e-02
8.66519187e-02
8.66824614e-02
8.67129343e-02
8.67433376e-02
8.67736714e-02
8.68039358e-02
8.68341311e-02
8.68642573e-02
8.68943147e-02
8.69243034e-02
8.69542235e-02
8.69840753e-02
8.70138588e-02
8.70435742e-02
8.70732216e-02
8.71028013e-02
8.71323134e-02
8.71617580e-02
8.71911352e-02
8.72204453e-02
8.72496884e-02
8.72788646e-02
8.73079741e-02
8.73370170e-02
8.73659935e-02
8.73949038e-02
8.74237479e-02
8.74525261e-02
8.74812385e-02
8.75098852e-02
8.75384664e-02
8.75669822e-02
8.75954328e-02
8.76238183e-02
8.76521389e-02
8.76803947e-02
8.77085859e-02
8.77367127e-02
8.77647750e-02
8.77927732e-02
8.78207074e-02
8.78485776e-02
8.78763841e-02
8.79041270e-02
8.79318064e-02
8.79594225e-02
8.79869754e-02
8.80144653e-02
8.80418923e-02
8.80692565e-02
8.80965581e-02
8.81237973e-02
8.81509742e-02
8.81780888e-02
8.82051415e-02
8.82321322e-02
8.82590612e-02
8.82859285e-02
8.83127344e-02
8.83394790e-02
8.83661624e-02
8.83927847e-02
8.84193460e-02
8.84458466e-02
8.84722866e-02
8.84986661e-02
8.85249852e-02
8.85512440e-02
8.85774428e-02
8.86035816e-02
8.86296607e-02
8.86556800e-02
8.86816398e-02
8.87075401e-02
8.87333813e-02
8.87591632e-02
8.87848862e-02
8.88105503e-02
8.88361556e-02
8.88617024e-02
8.88871907e-02
8.89126207e-02
8.89379924e-02
8.89633061e-02
8.89885619e-02
8.90137598e-02
8.90389001e-02
8.90639829e-02
8.90890082e-02
8.91139763e-02
8.91388872e-02
8.91637411e-02
8.91885381e-02
8.92132784e-02
8.92379620e-02
8.92625891e-02
8.92871599e-02
8.93116745e-02
8.93361329e-02
8.93605353e-02
8.93848819e-02
8.94091728e-02
8.94334081e-02
8.94575879e-02
8.94817123e-02
8.95057816e-02
8.95297957e-02
8.95537549e-02
8.95776592e-02
8.96015088e-02
8.96253039e-02
8.96490444e-02
8.96727307e-02
8.96963627e-02
8.97199406e-02
8.97434646e-02
8.97669347e-02
8.97903511e-02
8.98137139e-02
8.98370232e-02
8.98602792e-02
8.98834819e-02
8.99066315e-02
8.99297282e-02
8.99527719e-02
8.99757630e-02
8.99987014e-02
9.00215873e-02
9.00444208e-02
9.00672020e-02
9.00899312e-02
9.01126082e-02
9.01352334e-02
9.01578068e-02
9.01803285e-02
9.02027987e-02
9.02252175e-02
9.02475849e-02
9.02699011e-02
9.02921663e-02
9.03143805e-02
9.03365438e-02
9.03586564e-02
9.03807184e-02
9.04027299e-02
9.04246911e-02
9.04466019e-02
9.04684626e-02
9.04902733e-02
9.05120341e-02
9.05337450e-02
9.05554063e-02
9.05770180e-02
9.05985802e-02
9.06200930e-02
9.06415566e-02
9.06629711e-02
9.06843366e-02
9.07056532e-02
9.07269210e-02
9.07481401e-02
9.07693107e-02
9.07904328e-02
9.08115065e-02
9.08325321e-02
9.08535095e-02
9.08744388e-02
9.08953203e-02
9.09161540e-02
9.09369400e-02
9.09576785e-02
9.09783695e-02
9.09990131e-02
9.10196094e-02
9.10401587e-02
9.10606609e-02
9.10811162e-02
9.11015246e-02
9.11218864e-02
9.11422016e-02
9.11624702e-02
9.11826925e-02
9.12028685e-02
9.12229983e-02
9.12430821e-02
9.12631199e-02
9.12831118e-02
9.13030580e-02
9.13229585e-02
9.13428135e-02
9.13626230e-02
9.13823873e-02
9.14021062e-02
9.14217801e-02
9.14414089e-02
9.14609928e-02
9.14805319e-02
9.15000263e-02
9.15194760e-02
9.15388813e-02
9.15582421e-02
9.15775587e-02
9.15968310e-02
9.16160592e-02
9.16352434e-02
9.16543837e-02
9.16734803e-02
9.16925331e-02
9.17115423e-02
9.17305080e-02
9.17494303e-02
9.17683093e-02
9.17871451e-02
9.18059378e-02
9.18246875e-02
9.18433943e-02
9.18620583e-02
9.18806795e-02
9.18992582e-02
9.19177943e-02
9.19362881e-02
9.19547395e-02
9.19731486e-02
9.19915157e-02
9.20098407e-02
9.20281238e-02
9.20463650e-02
9.20645645e-02
9.20827224e-02
9.21008387e-02
9.21189136e-02
9.21369471e-02
9.21549393e-02
9.21728903e-02
9.21908003e-02
9.22086693e-02
9.22264974e-02
9.22442847e-02
9.22620313e-02
9.22797373e-02
9.22974028e-02
9.23150278e-02
9.23326126e-02
9.23501570e-02
9.23676614e-02
9.23851257e-02
9.24025500e-02
9.24199344e-02
9.24372791e-02
9.24545841e-02
9.24718495e-02
9.24890753e-02
9.25062618e-02
9.25234089e-02
9.25405168e-02
9.25575856e-02
9.25746153e-02
9.25916060e-02
9.26085578e-02
9.26254709e-02
9.26423452e-02
9.26591810e-02
9.26759782e-02
9.26927370e-02
9.27094574e-02
9.27261396e-02
9.27427836e-02
9.27593895e-02
9.27759574e-02
9.27924875e-02
9.28089796e-02
9.28254341e-02
9.28418509e-02
9.28582301e-02
9.28745719e-02
9.28908762e-02
9.29071433e-02
9.29233731e-02
9.29395658e-02
9.29557215e-02
9.29718402e-02
9.29879220e-02
9.30039670e-02
9.30199752e-02
9.30359469e-02
9.30518820e-02
9.30677807e-02
9.30836429e-02
9.30994689e-02
9.31152587e-02
9.31310123e-02
9.31467299e-02
9.31624115e-02
9.31780572e-02
9.31936672e-02
9.32092414e-02
9.32247800e-02
9.32402830e-02
9.32557506e-02
9.32711827e-02
9.32865796e-02
9.33019412e-02
9.33172677e-02
9.33325591e-02
9.33478155e-02
9.33630370e-02
9.33782237e-02
9.33933756e-02
9.34084929e-02
9.34235755e-02
9.34386237e-02
9.34536374e-02
9.34686168e-02
9.34835619e-02
9.34984728e-02
9.35133496e-02
9.35281923e-02
9.35430011e-02
9.35577760e-02
9.35725171e-02
9.35872244e-02
9.36018981e-02
9.36165383e-02
9.36311449e-02
9.36457181e-02
9.36602580e-02
9.36747646e-02
9.36892380e-02
9.37036783e-02
9.37180855e-02
9.37324598e-02
9.37468012e-02
9.37611097e-02
9.37753856e-02
9.37896287e-02
9.38038393e-02
9.38180174e-02
9.38321630e-02
9.38462762e-02
9.38603572e-02
9.38744059e-02
9.38884225e-02
9.39024071e-02
9.39163596e-02
9.39302802e-02
9.39441689e-02
9.39580259e-02
9.39718511e-02
9.39856448e-02
9.39994068e-02
9.40131374e-02
9.40268366e-02
9.40405044e-02
9.40541409e-02
9.40677462e-02
9.40813204e-02
9.40948636e-02
9.41083757e-02
9.41218570e-02
9.41353074e-02
9.41487270e-02
9.41621159e-02
9.41754742e-02
9.41888019e-02
9.42020991e-02
9.42153659e-02
9.42286023e-02
9.42418084e-02
9.42549843e-02
9.42681301e-02
9.42812458e-02
9.42943315e-02
9.43073872e-02
9.43204131e-02
9.43334092e-02
9.43463755e-02
9.43593121e-02
9.43722192e-02
9.43850967e-02
9.43979448e-02
9.44107634e-02
9.44235528e-02
9.44363128e-02
9.44490437e-02
9.44617454e-02
9.44744181e-02
9.44870618e-02
9.44996765e-02
9.45122624e-02
9.45248195e-02
9.45373478e-02
9.45498475e-02
9.45623186e-02
9.45747611e-02
9.45871752e-02
9.45995608e-02
9.46119182e-02
9.46242472e-02
9.46365480e-02
9.46488207e-02
9.46610653e-02
9.46732819e-02
9.46854706e-02
9.46976313e-02
9.47097642e-02
9.47218694e-02
9.47339469e-02
9.47459967e-02
9.47580189e-02
9.47700137e-02
9.47819810e-02
9.47939209e-02
9.48058335e-02
9.48177188e-02
9.48295770e-02
9.48414080e-02
9.48532119e-02
9.48649888e-02
9.48767388e-02
9.48884619e-02
9.49001582e-02
9.49118277e-02
9.49234705e-02
9.49350866e-02
9.49466762e-02
9.49582393e-02
9.49697759e-02
9.49812861e-02
9.49927699e-02
9.50042275e-02
9.50156589e-02
9.50270641e-02
9.50384432e-02
9.50497963e-02
9.50611234e-02
9.50724246e-02
9.50836999e-02
9.50949494e-02
9.51061732e-02
9.51173713e-02
9.51285438e-02
9.51396907e-02
9.51508121e-02
9.51619081e-02
9.51729786e-02
9.51840239e-02
9.51950438e-02
9.52060386e-02
9.52170081e-02
9.52279526e-02
9.52388721e-02
9.52497665e-02
9.52606361e-02
9.52714807e-02
9.52823006e-02
9.52930956e-02
9.53038660e-02
9.53146118e-02
9.53253329e-02
9.53360295e-02
9.53467017e-02
9.53573494e-02
9.53679728e-02
9.53785718e-02
9.53891466e-02
9.53996972e-02
9.54102237e-02
9.54207260e-02
9.54312044e-02
9.54416587e-02
9.54520892e-02
9.54624957e-02
9.54728785e-02
9.54832375e-02
9.54935728e-02
9.55038844e-02
9.55141725e-02
9.55244370e-02
9.55346780e-02
9.55448956e-02
9.55550898e-02
9.55652607e-02
9.55754083e-02
9.55855327e-02
9.55956340e-02
9.56057121e-02
9.56157671e-02
9.56257992e-02
9.56358082e-02
9.56457944e-02
9.56557578e-02
9.56656983e-02
9.56756161e-02
9.56855112e-02
9.56953836e-02
9.57052335e-02
9.57150608e-02
9.57248657e-02
9.57346481e-02
9.57444081e-02
9.57541458e-02
9.57638612e-02
9.57735543e-02
9.57832253e-02
9.57928742e-02
9.58025010e-02
9.58121057e-02
9.58216885e-02
9.58312494e-02
9.58407883e-02
9.58503055e-02
9.58598009e-02
9.58692745e-02
9.58787265e-02
9.58881568e-02
9.58975656e-02
9.59069528e-02
9.59163185e-02
9.59256628e-02
9.59349858e-02
9.59442874e-02
9.59535677e-02
9.59628268e-02
9.59720647e-02
9.59812814e-02
9.59904771e-02
9.59996517e-02
9.60088054e-02
9.60179381e-02
9.60270498e-02
9.60361408e-02
9.60452109e-02
9.60542603e-02
9.60632890e-02
9.60722970e-02
9.60812844e-02
9.60902512e-02
9.60991976e-02
9.61081234e-02
9.61170288e-02
9.61259139e-02
9.61347786e-02
9.61436230e-02
9.61524472e-02
9.61612512e-02
9.61700351e-02
9.61787989e-02
9.61875426e-02
9.61962663e-02
9.62049700e-02
9.62136538e-02
9.62223178e-02
9.62309619e-02
9.62395862e-02
9.62481908e-02
9.62567758e-02
9.62653410e-02
9.62738867e-02
9.62824128e-02
9.62909195e-02
9.62994066e-02
9.63078743e-02
9.63163227e-02
9.63247517e-02
9.63331615e-02
9.63415519e-02
9.63499232e-02
9.63582754e-02
9.63666084e-02
9.63749224e-02
9.63832173e-02
9.63914932e-02
9.63997503e-02
9.64079884e-02
9.64162076e-02
9.64244081e-02
9.64325898e-02
9.64407528e-02
9.64488971e-02
9.64570227e-02
9.64651298e-02
9.64732183e-02
9.64812883e-02
9.64893399e-02
9.64973730e-02
9.65053878e-02
9.65133842e-02
9.65213623e-02
9.65293221e-02
9.65372637e-02
9.65451872e-02
9.65530925e-02
9.65609798e-02
9.65688490e-02
9.65767002e-02
9.65845334e-02
9.65923487e-02
9.66001461e-02
9.66079257e-02
9.66156874e-02
9.66234314e-02
9.66311577e-02
9.66388664e-02
9.66465573e-02
9.66542307e-02
9.66618865e-02
9.66695248e-02
9.66771456e-02
9.66847490e-02
9.66923350e-02
9.66999036e-02
9.67074549e-02
9.67149890e-02
