1651 9 c000 1 641 10
0.00000000e+00
0.00000000e+00
0.00000000e+00
0.00000000e+00
0.00000000e+00
0.00000000e+00
0.00000000e+00
0.00000000e+00
0.00000000e+00
0.00000000e+00
0.00000000e+00
0.00000000e+00
0.00000000e+00
0.00000000e+00
0.00000000e+00
0.00000000e+00
0.00000000e+00
0.00000000e+00
0.00000000e+00
0.00000000e+00
0.00000000e+00
0.00000000e+00
0.00000000e+00
0.00000000e+00
0.00000000e+00
0.00000000e+00
0.00000000e+00
0.00000000e+00
0.00000000e+00
0.00000000e+00
0.00000000e+00
0.00000000e+00
0.00000000e+00
0.00000000e+00
0.00000000e+00
0.00000000e+00
0.00000000e+00
0.00000000e+00
0.00000000e+00
0.00000000e+00
0.00000000e+00
0.00000000e+00
0.00000000e+00
0.00000000e+00
0.00000000e+00
0.00000000e+00
0.00000000e+00
0.00000000e+00
0.00000000e+00
0.00000000e+00
0.00000000e+00
0.00000000e+00
0.00000000e+00
0.00000000e+00
0.00000000e+00
0.00000000e+00
0.00000000e+00
0.00000000e+00
0.00000000e+00
0.00000000e+00
0.00000000e+00
0.00000000e+00
0.00000000e+00
0.00000000e+00
0.00000000e+00
0.00000000e+00
0.00000000e+00
0.00000000e+00
0.00000000e+00
0.00000000e+00
0.00000000e+00
0.00000000e+00
0.00000000e+00
0.00000000e+00
0.00000000e+00
0.00000000e+00
0.00000000e+00
0.00000000e+00
0.00000000e+00
0.00000000e+00
0.00000000e+00
0.00000000e+00
0.00000000e+00
0.00000000e+00
0.00000000e+00
0.00000000e+00
0.00000000e+00
0.00000000e+00
0.00000000e+00
0.00000000e+00
0.00000000e+00
0.00000000e+00
0.00000000e+00
0.00000000e+00
0.00000000e+00
0.00000000e+00
0.00000000e+00
0.00000000e+00
0.00000000e+00
0.00000000e+00
0.00000000e+00
0.00000000e+00
0.00000000e+00
0.00000000e+00
0.00000000e+00
0.00000000e+00
0.00000000e+00
0.00000000e+00
0.00000000e+00
0.00000000e+00
0.00000000e+00
0.00000000e+00
0.00000000e+00
0.00000000e+00
0.00000000e+00
0.00000000e+00
0.00000000e+00
0.00000000e+00
0.00000000e+00
0.00000000e+00
0.00000000e+00
0.00000000e+00
0.00000000e+00
0.00000000e+00
0.00000000e+00
0.00000000e+00
0.00000000e+00
0.00000000e+00
0.00000000e+00
0.00000000e+00
0.00000000e+00
0.00000000e+00
0.00000000e+00
0.00000000e+00
0.00000000e+00
0.00000000e+00
0.00000000e+00
0.00000000e+00
0.00000000e+00
0.00000000e+00
0.00000000e+00
0.00000000e+00
0.00000000e+00
0.00000000e+00
0.00000000e+00
0.00000000e+00
0.00000000e+00
0.00000000e+00
0.00000000e+00
0.00000000e+00
0.00000000e+00
0.00000000e+00
0.00000000e+00
0.00000000e+00
0.00000000e+00
0.00000000e+00
0.00000000e+00
0.00000000e+00
0.00000000e+00
0.00000000e+00
1.00000001e-01
1.00000001e-01
9.97558609e-02
9.95117202e-02
9.87792984e-02
9.80468765e-02
9.70703140e-02
9.60937515e-02
9.48730484e-02
9.36523452e-02
9.24316421e-02
9.09667984e-02
8.95019546e-02
8.80371109e-02
8.65722671e-02
8.48632827e-02
8.33984390e-02
8.16894546e-02
7.99804702e-02
7.82714859e-02
7.65625015e-02
7.50976577e-02
7.31445327e-02
7.14355484e-02
6.97265640e-02
6.80175796e-02
6.63085952e-02
6.45996109e-02
6.28906265e-02
6.09375015e-02
5.92285171e-02
5.75195327e-02
5.58105484e-02
5.41015640e-02
5.23925796e-02
5.04394546e-02
4.87304702e-02
4.70214859e-02
4.53125015e-02
4.36035171e-02
4.18945327e-02
4.01855484e-02
3.84765640e-02
3.70117202e-02
3.53027359e-02
3.35937515e-02
3.18847671e-02
3.04199234e-02
2.87109390e-02
2.72460952e-02
2.55371109e-02
2.40722671e-02
2.26074234e-02
2.11425796e-02
1.96777359e-02
1.82128921e-02
1.67480484e-02
1.52832046e-02
1.38183609e-02
1.25976577e-02
1.11328140e-02
9.91211087e-03
8.69140774e-03
7.22656399e-03
6.00586087e-03
4.78515774e-03
3.56445462e-03
2.34375149e-03
1.36718899e-03
1.46485865e-04
-8.30076635e-04
-2.05077976e-03
-3.02734226e-03
-4.00390476e-03
-4.98046726e-03
-5.95702976e-03
-6.93359226e-03
-7.91015476e-03
-8.88671726e-03
-9.61913913e-03
-1.05957016e-02
-1.13281235e-02
-1.20605454e-02
-1.27929673e-02
-1.35253891e-02
-1.42578110e-02
-1.49902329e-02
-1.57226548e-02
-1.62109360e-02
-1.69433579e-02
-1.74316391e-02
-1.81640610e-02
-1.86523423e-02
-1.91406235e-02
-1.96289048e-02
-2.01171860e-02
-2.06054673e-02
-2.08496079e-02
-2.13378891e-02
-2.15820298e-02
-2.20703110e-02
-2.23144516e-02
-2.25585923e-02
-2.28027329e-02
-2.32910141e-02
-2.32910141e-02
-2.35351548e-02
-2.37792954e-02
-2.40234360e-02
-2.42675766e-02
-2.42675766e-02
-2.45117173e-02
-2.45117173e-02
-2.45117173e-02
-2.47558579e-02
-2.47558579e-02
-2.47558579e-02
-2.47558579e-02
-2.47558579e-02
-2.47558579e-02
-2.47558579e-02
-2.47558579e-02
-2.47558579e-02
-2.45117173e-02
-2.45117173e-02
-2.45117173e-02
-2.42675766e-02
-2.42675766e-02
-2.40234360e-02
-2.40234360e-02
-2.37792954e-02
-2.35351548e-02
-2.35351548e-02
-2.32910141e-02
-2.30468735e-02
-2.28027329e-02
-2.25585923e-02
-2.23144516e-02
-2.20703110e-02
-2.18261704e-02
-2.15820298e-02
-2.13378891e-02
-2.10937485e-02
-2.08496079e-02
-2.06054673e-02
-2.03613266e-02
-2.01171860e-02
-1.98730454e-02
-1.96289048e-02
-1.93847641e-02
-1.88964829e-02
-1.86523423e-02
-1.84082016e-02
-1.81640610e-02
-1.76757798e-02
-1.74316391e-02
-1.71874985e-02
-1.69433579e-02
-1.64550766e-02
-1.62109360e-02
-1.59667954e-02
-1.57226548e-02
-1.52343735e-02
-1.49902329e-02
-1.47460923e-02
-1.45019516e-02
-1.40136704e-02
-1.37695298e-02
-1.35253891e-02
-1.32812485e-02
-1.27929673e-02
-1.25488266e-02
-1.23046860e-02
-1.20605454e-02
-1.15722641e-02
-1.13281235e-02
-1.10839829e-02
-1.08398423e-02
-1.05957016e-02
-1.03515610e-02
-1.01074204e-02
-9.61913913e-03
-9.37499851e-03
-9.13085788e-03
-8.88671726e-03
-8.64257663e-03
-8.39843601e-03
-8.15429538e-03
-7.91015476e-03
-7.66601413e-03
-7.42187351e-03
-7.17773288e-03
-7.17773288e-03
-6.93359226e-03
-6.68945163e-03
-6.44531101e-03
-6.20117038e-03
-5.95702976e-03
-5.95702976e-03
-5.71288913e-03
-5.46874851e-03
-5.22460788e-03
-5.22460788e-03
-4.98046726e-03
-4.73632663e-03
-4.73632663e-03
-4.49218601e-03
-4.24804538e-03
-4.24804538e-03
-4.00390476e-03
-4.00390476e-03
-3.75976413e-03
-3.75976413e-03
-3.51562351e-03
-3.51562351e-03
-3.27148288e-03
-3.27148288e-03
-3.02734226e-03
-3.02734226e-03
-3.02734226e-03
-2.78320163e-03
-2.78320163e-03
-2.78320163e-03
-2.53906101e-03
-2.53906101e-03
-2.53906101e-03
-2.53906101e-03
-2.53906101e-03
-2.29492038e-03
-2.29492038e-03
-2.29492038e-03
-2.29492038e-03
-2.29492038e-03
-2.29492038e-03
-2.05077976e-03
-2.05077976e-03
-2.05077976e-03
-2.05077976e-03
-2.05077976e-03
-2.05077976e-03
-2.05077976e-03
-2.05077976e-03
-2.05077976e-03
-2.05077976e-03
-2.05077976e-03
-2.05077976e-03
-2.05077976e-03
-2.05077976e-03
-2.05077976e-03
-2.29492038e-03
-2.29492038e-03
-2.29492038e-03
-2.29492038e-03
-2.29492038e-03
-2.29492038e-03
-2.29492038e-03
-2.29492038e-03
-2.53906101e-03
-2.53906101e-03
-2.53906101e-03
-2.53906101e-03
-2.53906101e-03
-2.53906101e-03
-2.78320163e-03
-2.78320163e-03
-2.78320163e-03
-2.78320163e-03
-2.78320163e-03
-3.02734226e-03
-3.02734226e-03
-3.02734226e-03
-3.02734226e-03
-3.02734226e-03
-3.27148288e-03
-3.27148288e-03
-3.27148288e-03
-3.27148288e-03
-3.27148288e-03
-3.51562351e-03
-3.51562351e-03
-3.51562351e-03
-3.51562351e-03
-3.75976413e-03
-3.75976413e-03
-3.75976413e-03
-3.75976413e-03
-3.75976413e-03
-4.00390476e-03
-4.00390476e-03
-4.00390476e-03
-4.00390476e-03
-4.00390476e-03
-4.24804538e-03
-4.24804538e-03
-4.24804538e-03
-4.24804538e-03
-4.24804538e-03
-4.49218601e-03
-4.49218601e-03
-4.49218601e-03
-4.49218601e-03
-4.49218601e-03
-4.49218601e-03
-4.73632663e-03
-4.73632663e-03
-4.73632663e-03
-4.73632663e-03
-4.73632663e-03
-4.73632663e-03
-4.73632663e-03
-4.73632663e-03
-4.98046726e-03
-4.98046726e-03
-4.98046726e-03
-4.98046726e-03
-4.98046726e-03
-4.98046726e-03
-4.98046726e-03
-4.98046726e-03
-4.98046726e-03
-4.98046726e-03
-4.98046726e-03
-4.98046726e-03
-5.22460788e-03
-5.22460788e-03
-5.22460788e-03
-5.22460788e-03
-5.22460788e-03
-5.22460788e-03
-5.22460788e-03
-5.22460788e-03
-5.22460788e-03
-5.22460788e-03
-5.22460788e-03
-5.22460788e-03
-5.22460788e-03
-5.22460788e-03
-5.22460788e-03
-5.22460788e-03
-5.22460788e-03
-5.22460788e-03
-5.22460788e-03
-5.22460788e-03
-4.98046726e-03
-4.98046726e-03
-4.98046726e-03
-4.98046726e-03
-4.98046726e-03
-4.98046726e-03
-4.98046726e-03
-4.98046726e-03
-4.98046726e-03
-4.98046726e-03
-4.98046726e-03
-4.98046726e-03
-4.98046726e-03
-4.73632663e-03
-4.73632663e-03
-4.73632663e-03
-4.73632663e-03
-4.73632663e-03
-4.73632663e-03
-4.73632663e-03
-4.73632663e-03
-4.73632663e-03
-4.49218601e-03
-4.49218601e-03
-4.49218601e-03
-4.49218601e-03
-4.49218601e-03
-4.49218601e-03
-4.49218601e-03
-4.24804538e-03
-4.24804538e-03
-4.24804538e-03
-4.24804538e-03
-4.24804538e-03
-4.24804538e-03
-4.24804538e-03
-4.00390476e-03
-4.00390476e-03
-4.00390476e-03
-4.00390476e-03
-4.00390476e-03
-4.00390476e-03
-3.75976413e-03
-3.75976413e-03
-3.75976413e-03
-3.75976413e-03
-3.75976413e-03
-3.75976413e-03
-3.75976413e-03
-3.51562351e-03
-3.51562351e-03
-3.51562351e-03
-3.51562351e-03
-3.51562351e-03
-3.51562351e-03
-3.27148288e-03
-3.27148288e-03
-3.27148288e-03
-3.27148288e-03
-3.27148288e-03
-3.27148288e-03
-3.02734226e-03
-3.02734226e-03
-3.02734226e-03
-3.02734226e-03
-3.02734226e-03
-3.02734226e-03
-2.78320163e-03
-2.78320163e-03
-2.78320163e-03
-2.78320163e-03
-2.78320163e-03
-2.78320163e-03
-2.78320163e-03
-2.53906101e-03
-2.53906101e-03
-2.53906101e-03
-2.53906101e-03
-2.53906101e-03
-2.53906101e-03
-2.53906101e-03
-2.29492038e-03
-2.29492038e-03
-2.29492038e-03
-2.29492038e-03
-2.29492038e-03
-2.29492038e-03
-2.29492038e-03
-2.29492038e-03
-2.05077976e-03
-2.05077976e-03
-2.05077976e-03
-2.05077976e-03
-2.05077976e-03
-2.05077976e-03
-2.05077976e-03
-2.05077976e-03
-2.05077976e-03
-1.80663913e-03
-1.80663913e-03
-1.80663913e-03
-1.80663913e-03
-1.80663913e-03
-1.80663913e-03
-1.80663913e-03
-1.80663913e-03
-1.80663913e-03
-1.80663913e-03
-1.56249851e-03
-1.56249851e-03
-1.56249851e-03
-1.56249851e-03
-1.56249851e-03
-1.56249851e-03
-1.56249851e-03
-1.56249851e-03
-1.56249851e-03
-1.56249851e-03
-1.56249851e-03
-1.56249851e-03
-1.56249851e-03
-1.56249851e-03
-1.31835788e-03
-1.31835788e-03
-1.31835788e-03
-1.31835788e-03
-1.31835788e-03
-1.31835788e-03
-1.31835788e-03
-1.31835788e-03
-1.31835788e-03
-1.31835788e-03
-1.31835788e-03
-1.31835788e-03
-1.31835788e-03
-1.31835788e-03
-1.31835788e-03
-1.31835788e-03
-1.31835788e-03
-1.31835788e-03
-1.31835788e-03
-1.31835788e-03
-1.31835788e-03
-1.31835788e-03
-1.07421726e-03
-1.07421726e-03
-1.07421726e-03
-1.07421726e-03
-1.07421726e-03
-1.07421726e-03
-1.07421726e-03
-1.07421726e-03
-1.07421726e-03
-1.07421726e-03
-1.07421726e-03
-1.07421726e-03
-1.07421726e-03
-1.07421726e-03
-1.07421726e-03
-1.07421726e-03
-1.07421726e-03
-1.07421726e-03
-1.07421726e-03
-1.07421726e-03
-1.07421726e-03
-1.07421726e-03
-1.07421726e-03
-1.07421726e-03
-1.07421726e-03
-1.07421726e-03
-1.07421726e-03
-1.07421726e-03
-1.07421726e-03
-1.07421726e-03
-1.07421726e-03
-1.07421726e-03
-1.07421726e-03
-1.07421726e-03
-1.07421726e-03
-1.07421726e-03
-1.07421726e-03
-1.07421726e-03
-1.07421726e-03
-1.07421726e-03
-1.07421726e-03
-1.07421726e-03
-1.07421726e-03
-1.07421726e-03
-1.07421726e-03
-1.07421726e-03
-1.07421726e-03
-1.07421726e-03
-1.07421726e-03
-1.07421726e-03
-1.07421726e-03
-1.07421726e-03
-1.07421726e-03
-1.07421726e-03
-1.07421726e-03
-1.07421726e-03
-1.07421726e-03
-1.07421726e-03
-1.07421726e-03
-1.07421726e-03
-1.07421726e-03
-1.07421726e-03
-1.07421726e-03
-1.07421726e-03
-1.07421726e-03
-1.07421726e-03
-1.07421726e-03
-1.07421726e-03
-1.07421726e-03
-1.07421726e-03
-1.07421726e-03
-1.07421726e-03
-1.07421726e-03
-1.07421726e-03
-1.07421726e-03
-1.07421726e-03
-1.07421726e-03
-1.07421726e-03
-1.07421726e-03
-1.07421726e-03
-1.07421726e-03
-1.07421726e-03
-1.07421726e-03
-1.07421726e-03
-1.07421726e-03
-1.07421726e-03
-1.07421726e-03
-1.07421726e-03
-1.07421726e-03
-1.07421726e-03
-1.07421726e-03
-1.07421726e-03
-1.07421726e-03
-1.07421726e-03
-1.07421726e-03
-1.07421726e-03
-1.07421726e-03
-1.07421726e-03
-1.07421726e-03
-1.07421726e-03
-1.07421726e-03
-1.07421726e-03
-1.07421726e-03
-1.07421726e-03
-1.07421726e-03
-1.07421726e-03
-1.07421726e-03
-1.07421726e-03
-1.07421726e-03
-1.07421726e-03
-1.07421726e-03
-1.07421726e-03
-1.07421726e-03
-1.07421726e-03
-1.07421726e-03
-1.07421726e-03
-8.30076635e-04
-8.30076635e-04
-8.30076635e-04
-8.30076635e-04
-8.30076635e-04
-8.30076635e-04
-8.30076635e-04
-8.30076635e-04
-8.30076635e-04
-8.30076635e-04
-8.30076635e-04
-8.30076635e-04
-8.30076635e-04
-8.30076635e-04
-8.30076635e-04
-8.30076635e-04
-8.30076635e-04
-8.30076635e-04
-8.30076635e-04
-8.30076635e-04
-8.30076635e-04
-8.30076635e-04
-8.30076635e-04
-8.30076635e-04
-8.30076635e-04
-8.30076635e-04
-8.30076635e-04
-8.30076635e-04
-8.30076635e-04
-8.30076635e-04
-8.30076635e-04
-8.30076635e-04
-8.30076635e-04
-8.30076635e-04
-8.30076635e-04
-8.30076635e-04
-1.00830078e-01
-1.00830078e-01
-1.00585938e-01
-1.00341797e-01
-9.96093750e-02
-9.88769531e-02
-9.79003906e-02
-9.69238281e-02
-9.57031250e-02
-9.44824219e-02
-9.32617188e-02
-9.17968750e-02
-9.03320313e-02
-8.88671875e-02
-8.74023438e-02
-8.56933594e-02
-8.42285156e-02
-8.25195313e-02
-8.08105469e-02
-7.93457031e-02
-7.76367188e-02
-7.59277344e-02
-7.42187500e-02
-7.25097656e-02
-7.05566406e-02
-6.88476563e-02
-6.71386719e-02
-6.54296875e-02
-6.37207031e-02
-6.20117188e-02
-6.00585938e-02
-5.83496094e-02
-5.66406250e-02
-5.49316406e-02
-5.32226563e-02
-5.12695313e-02
-4.95605469e-02
-4.78515625e-02
-4.61425781e-02
-4.44335938e-02
-4.27246094e-02
-4.10156250e-02
-3.93066406e-02
-3.78417969e-02
-3.61328125e-02
-3.44238281e-02
-3.27148438e-02
-3.12500000e-02
-2.95410156e-02
-2.80761719e-02
-2.63671875e-02
-2.49023438e-02
-2.34375000e-02
-2.19726563e-02
-2.05078125e-02
-1.90429688e-02
-1.75781250e-02
-1.61132813e-02
-1.46484375e-02
-1.34277344e-02
-1.19628906e-02
-1.07421875e-02
-9.27734375e-03
-8.05664063e-03
-6.83593750e-03
-5.61523438e-03
-4.39453125e-03
-3.17382813e-03
-2.19726563e-03
-9.76562500e-04
2.44140625e-04
1.22070313e-03
2.19726563e-03
3.17382813e-03
4.39453125e-03
5.37109375e-03
6.10351563e-03
7.08007813e-03
8.05664063e-03
8.78906250e-03
9.76562500e-03
1.04980469e-02
1.12304688e-02
1.22070313e-02
1.29394531e-02
1.34277344e-02
1.41601563e-02
1.48925781e-02
1.56250000e-02
1.61132813e-02
1.66015625e-02
1.73339844e-02
1.78222656e-02
1.83105469e-02
1.87988281e-02
1.92871094e-02
1.97753906e-02
2.00195313e-02
2.05078125e-02
2.07519531e-02
2.12402344e-02
2.14843750e-02
2.17285156e-02
2.22167969e-02
2.24609375e-02
2.27050781e-02
2.29492188e-02
2.29492188e-02
2.31933594e-02
2.34375000e-02
2.34375000e-02
2.36816406e-02
2.36816406e-02
2.39257813e-02
2.39257813e-02
2.39257813e-02
2.39257813e-02
2.39257813e-02
2.39257813e-02
2.39257813e-02
2.39257813e-02
2.39257813e-02
2.39257813e-02
2.36816406e-02
2.36816406e-02
2.36816406e-02
2.34375000e-02
2.34375000e-02
2.31933594e-02
2.31933594e-02
2.29492188e-02
2.27050781e-02
2.27050781e-02
2.24609375e-02
2.22167969e-02
2.19726563e-02
2.17285156e-02
2.14843750e-02
2.14843750e-02
2.12402344e-02
2.09960938e-02
2.07519531e-02
2.05078125e-02
2.00195313e-02
1.97753906e-02
1.95312500e-02
1.92871094e-02
1.90429688e-02
1.87988281e-02
1.85546875e-02
1.80664063e-02
1.78222656e-02
1.75781250e-02
1.73339844e-02
1.70898438e-02
1.66015625e-02
1.63574219e-02
1.61132813e-02
1.58691406e-02
1.53808594e-02
1.51367188e-02
1.48925781e-02
1.44042969e-02
1.41601563e-02
1.39160156e-02
1.36718750e-02
1.31835938e-02
1.29394531e-02
1.26953125e-02
1.24511719e-02
1.19628906e-02
1.17187500e-02
1.14746094e-02
1.12304688e-02
1.09863281e-02
1.04980469e-02
1.02539063e-02
1.00097656e-02
9.76562500e-03
9.52148438e-03
9.27734375e-03
9.03320313e-03
8.54492188e-03
8.30078125e-03
8.05664063e-03
7.81250000e-03
7.56835938e-03
7.32421875e-03
7.08007813e-03
6.83593750e-03
6.59179688e-03
6.34765625e-03
6.34765625e-03
6.10351563e-03
5.85937500e-03
5.61523438e-03
5.37109375e-03
5.12695313e-03
4.88281250e-03
4.88281250e-03
4.63867188e-03
4.39453125e-03
4.39453125e-03
4.15039063e-03
3.90625000e-03
3.90625000e-03
3.66210938e-03
3.41796875e-03
3.41796875e-03
3.17382813e-03
3.17382813e-03
2.92968750e-03
2.92968750e-03
2.68554688e-03
2.68554688e-03
2.44140625e-03
2.44140625e-03
2.19726563e-03
2.19726563e-03
2.19726563e-03
1.95312500e-03
1.95312500e-03
1.95312500e-03
1.70898438e-03
1.70898438e-03
1.70898438e-03
1.70898438e-03
1.70898438e-03
1.46484375e-03
1.46484375e-03
1.46484375e-03
1.46484375e-03
1.46484375e-03
1.46484375e-03
1.22070313e-03
1.22070313e-03
1.22070313e-03
1.22070313e-03
1.22070313e-03
1.22070313e-03
1.22070313e-03
1.22070313e-03
1.22070313e-03
1.22070313e-03
1.22070313e-03
1.22070313e-03
1.22070313e-03
1.22070313e-03
1.22070313e-03
1.46484375e-03
1.46484375e-03
1.46484375e-03
1.46484375e-03
1.46484375e-03
1.46484375e-03
1.46484375e-03
1.46484375e-03
1.70898438e-03
1.70898438e-03
1.70898438e-03
1.70898438e-03
1.70898438e-03
1.70898438e-03
1.95312500e-03
1.95312500e-03
1.95312500e-03
1.95312500e-03
1.95312500e-03
2.19726563e-03
2.19726563e-03
2.19726563e-03
2.19726563e-03
2.19726563e-03
2.44140625e-03
2.44140625e-03
2.44140625e-03
2.44140625e-03
2.44140625e-03
2.68554688e-03
2.68554688e-03
2.68554688e-03
2.68554688e-03
2.68554688e-03
2.92968750e-03
2.92968750e-03
2.92968750e-03
2.92968750e-03
3.17382813e-03
3.17382813e-03
3.17382813e-03
3.17382813e-03
3.17382813e-03
3.41796875e-03
3.41796875e-03
3.41796875e-03
3.41796875e-03
3.41796875e-03
3.41796875e-03
3.66210938e-03
3.66210938e-03
3.66210938e-03
3.66210938e-03
3.66210938e-03
3.66210938e-03
3.90625000e-03
3.90625000e-03
3.90625000e-03
3.90625000e-03
3.90625000e-03
3.90625000e-03
3.90625000e-03
4.15039063e-03
4.15039063e-03
4.15039063e-03
4.15039063e-03
4.15039063e-03
4.15039063e-03
4.15039063e-03
4.15039063e-03
4.15039063e-03
4.15039063e-03
4.15039063e-03
4.15039063e-03
4.39453125e-03
4.39453125e-03
4.39453125e-03
4.39453125e-03
4.39453125e-03
4.39453125e-03
4.39453125e-03
4.39453125e-03
4.39453125e-03
4.39453125e-03
4.39453125e-03
4.39453125e-03
4.39453125e-03
4.39453125e-03
4.39453125e-03
4.39453125e-03
4.39453125e-03
4.39453125e-03
4.39453125e-03
4.39453125e-03
4.15039063e-03
4.15039063e-03
4.15039063e-03
4.15039063e-03
4.15039063e-03
4.15039063e-03
4.15039063e-03
4.15039063e-03
4.15039063e-03
4.15039063e-03
4.15039063e-03
4.15039063e-03
4.15039063e-03
3.90625000e-03
3.90625000e-03
3.90625000e-03
3.90625000e-03
3.90625000e-03
3.90625000e-03
3.90625000e-03
3.90625000e-03
3.66210938e-03
3.66210938e-03
3.66210938e-03
3.66210938e-03
3.66210938e-03
3.66210938e-03
3.66210938e-03
3.66210938e-03
3.41796875e-03
3.41796875e-03
3.41796875e-03
3.41796875e-03
3.41796875e-03
3.41796875e-03
3.17382813e-03
3.17382813e-03
3.17382813e-03
3.17382813e-03
3.17382813e-03
3.17382813e-03
3.17382813e-03
2.92968750e-03
2.92968750e-03
2.92968750e-03
2.92968750e-03
2.92968750e-03
2.92968750e-03
2.68554688e-03
2.68554688e-03
2.68554688e-03
2.68554688e-03
2.68554688e-03
2.68554688e-03
2.44140625e-03
2.44140625e-03
2.44140625e-03
2.44140625e-03
2.44140625e-03
2.44140625e-03
2.19726563e-03
2.19726563e-03
2.19726563e-03
2.19726563e-03
2.19726563e-03
2.19726563e-03
2.19726563e-03
1.95312500e-03
1.95312500e-03
1.95312500e-03
1.95312500e-03
1.95312500e-03
1.95312500e-03
1.70898438e-03
1.70898438e-03
1.70898438e-03
1.70898438e-03
1.70898438e-03
1.70898438e-03
1.70898438e-03
1.70898438e-03
1.46484375e-03
1.46484375e-03
1.46484375e-03
1.46484375e-03
1.46484375e-03
1.46484375e-03
1.46484375e-03
1.22070313e-03
1.22070313e-03
1.22070313e-03
1.22070313e-03
1.22070313e-03
1.22070313e-03
1.22070313e-03
1.22070313e-03
1.22070313e-03
9.76562500e-04
9.76562500e-04
9.76562500e-04
9.76562500e-04
9.76562500e-04
9.76562500e-04
9.76562500e-04
9.76562500e-04
9.76562500e-04
9.76562500e-04
7.32421875e-04
7.32421875e-04
7.32421875e-04
7.32421875e-04
7.32421875e-04
7.32421875e-04
7.32421875e-04
7.32421875e-04
7.32421875e-04
7.32421875e-04
7.32421875e-04
7.32421875e-04
7.32421875e-04
7.32421875e-04
4.88281250e-04
4.88281250e-04
4.88281250e-04
4.88281250e-04
4.88281250e-04
4.88281250e-04
4.88281250e-04
4.88281250e-04
4.88281250e-04
4.88281250e-04
4.88281250e-04
4.88281250e-04
4.88281250e-04
4.88281250e-04
4.88281250e-04
4.88281250e-04
4.88281250e-04
4.88281250e-04
4.88281250e-04
4.88281250e-04
2.44140625e-04
2.44140625e-04
2.44140625e-04
2.44140625e-04
2.44140625e-04
2.44140625e-04
2.44140625e-04
2.44140625e-04
2.44140625e-04
2.44140625e-04
2.44140625e-04
2.44140625e-04
2.44140625e-04
2.44140625e-04
2.44140625e-04
2.44140625e-04
2.44140625e-04
2.44140625e-04
2.44140625e-04
2.44140625e-04
2.44140625e-04
2.44140625e-04
2.44140625e-04
2.44140625e-04
2.44140625e-04
2.44140625e-04
2.44140625e-04
2.44140625e-04
2.44140625e-04
2.44140625e-04
2.44140625e-04
2.44140625e-04
2.44140625e-04
2.44140625e-04
2.44140625e-04
2.44140625e-04
2.44140625e-04
2.44140625e-04
2.44140625e-04
2.44140625e-04
2.44140625e-04
2.44140625e-04
2.44140625e-04
2.44140625e-04
2.44140625e-04
2.44140625e-04
2.44140625e-04
2.44140625e-04
2.44140625e-04
2.44140625e-04
2.44140625e-04
2.44140625e-04
2.44140625e-04
2.44140625e-04
2.44140625e-04
2.44140625e-04
2.44140625e-04
2.44140625e-04
2.44140625e-04
2.44140625e-04
2.44140625e-04
2.44140625e-04
2.44140625e-04
2.44140625e-04
2.44140625e-04
2.44140625e-04
2.44140625e-04
2.44140625e-04
2.44140625e-04
2.44140625e-04
2.44140625e-04
2.44140625e-04
2.44140625e-04
2.44140625e-04
2.44140625e-04
2.44140625e-04
2.44140625e-04
2.44140625e-04
2.44140625e-04
2.44140625e-04
2.44140625e-04
2.44140625e-04
2.44140625e-04
2.44140625e-04
2.44140625e-04
2.44140625e-04
2.44140625e-04
2.44140625e-04
2.44140625e-04
2.44140625e-04
2.44140625e-04
2.44140625e-04
2.44140625e-04
2.44140625e-04
2.44140625e-04
2.44140625e-04
2.44140625e-04
2.44140625e-04
2.44140625e-04
0.00000000e+00
0.00000000e+00
0.00000000e+00
0.00000000e+00
0.00000000e+00
0.00000000e+00
0.00000000e+00
0.00000000e+00
0.00000000e+00
0.00000000e+00
0.00000000e+00
0.00000000e+00
0.00000000e+00
0.00000000e+00
0.00000000e+00
0.00000000e+00
0.00000000e+00
0.00000000e+00
0.00000000e+00
0.00000000e+00
0.00000000e+00
0.00000000e+00
0.00000000e+00
0.00000000e+00
0.00000000e+00
0.00000000e+00
0.00000000e+00
0.00000000e+00
0.00000000e+00
0.00000000e+00
0.00000000e+00
0.00000000e+00
0.00000000e+00
0.00000000e+00
0.00000000e+00
0.00000000e+00
0.00000000e+00
0.00000000e+00
0.00000000e+00
0.00000000e+00
0.00000000e+00
0.00000000e+00
0.00000000e+00
0.00000000e+00
0.00000000e+00
0.00000000e+00
0.00000000e+00
0.00000000e+00
0.00000000e+00
0.00000000e+00
0.00000000e+00
0.00000000e+00
0.00000000e+00
0.00000000e+00
0.00000000e+00
0.00000000e+00
0.00000000e+00
0.00000000e+00
0.00000000e+00
0.00000000e+00
0.00000000e+00
0.00000000e+00
0.00000000e+00
0.00000000e+00
0.00000000e+00
0.00000000e+00
0.00000000e+00
0.00000000e+00
0.00000000e+00
0.00000000e+00
0.00000000e+00
0.00000000e+00
0.00000000e+00
0.00000000e+00
0.00000000e+00
0.00000000e+00
0.00000000e+00
0.00000000e+00
0.00000000e+00
0.00000000e+00
0.00000000e+00
0.00000000e+00
0.00000000e+00
0.00000000e+00
0.00000000e+00
0.00000000e+00
0.00000000e+00
0.00000000e+00
0.00000000e+00
0.00000000e+00
0.00000000e+00
0.00000000e+00
0.00000000e+00
0.00000000e+00
0.00000000e+00
0.00000000e+00
0.00000000e+00
0.00000000e+00
0.00000000e+00
0.00000000e+00
0.00000000e+00
0.00000000e+00
0.00000000e+00
0.00000000e+00
0.00000000e+00
0.00000000e+00
0.00000000e+00
0.00000000e+00
0.00000000e+00
0.00000000e+00
0.00000000e+00
0.00000000e+00
0.00000000e+00
0.00000000e+00
0.00000000e+00
0.00000000e+00
0.00000000e+00
0.00000000e+00
0.00000000e+00
0.00000000e+00
0.00000000e+00
0.00000000e+00
0.00000000e+00
0.00000000e+00
0.00000000e+00
0.00000000e+00
0.00000000e+00
0.00000000e+00
0.00000000e+00
0.00000000e+00
0.00000000e+00
0.00000000e+00
0.00000000e+00
0.00000000e+00
0.00000000e+00
0.00000000e+00
0.00000000e+00
0.00000000e+00
0.00000000e+00
0.00000000e+00
0.00000000e+00
0.00000000e+00
0.00000000e+00
0.00000000e+00
0.00000000e+00
0.00000000e+00
0.00000000e+00
0.00000000e+00
0.00000000e+00
0.00000000e+00
0.00000000e+00
0.00000000e+00
0.00000000e+00
0.00000000e+00
0.00000000e+00
0.00000000e+00
0.00000000e+00
0.00000000e+00
0.00000000e+00
0.00000000e+00
0.00000000e+00
0.00000000e+00
0.00000000e+00
0.00000000e+00
0.00000000e+00
0.00000000e+00
0.00000000e+00
0.00000000e+00
0.00000000e+00
0.00000000e+00
0.00000000e+00
0.00000000e+00
0.00000000e+00
0.00000000e+00
0.00000000e+00
0.00000000e+00
0.00000000e+00
0.00000000e+00
0.00000000e+00
0.00000000e+00
0.00000000e+00
0.00000000e+00
0.00000000e+00
0.00000000e+00
0.00000000e+00
0.00000000e+00
0.00000000e+00
0.00000000e+00
0.00000000e+00
0.00000000e+00
0.00000000e+00
0.00000000e+00
0.00000000e+00
0.00000000e+00
0.00000000e+00
-2.44140625e-04
-2.44140625e-04
-2.44140625e-04
-2.44140625e-04
-2.44140625e-04
-2.44140625e-04
-2.44140625e-04
-2.44140625e-04
-2.44140625e-04
-2.44140625e-04
-2.44140625e-04
0.00000000e+00
0.00000000e+00
0.00000000e+00
0.00000000e+00
0.00000000e+00
0.00000000e+00
0.00000000e+00
0.00000000e+00
0.00000000e+00
0.00000000e+00
0.00000000e+00
0.00000000e+00
0.00000000e+00
