1651 9 c000 1 641 10
0.00000000e+00
0.00000000e+00
0.00000000e+00
0.00000000e+00
0.00000000e+00
0.00000000e+00
0.00000000e+00
0.00000000e+00
0.00000000e+00
0.00000000e+00
0.00000000e+00
0.00000000e+00
0.00000000e+00
0.00000000e+00
0.00000000e+00
0.00000000e+00
0.00000000e+00
0.00000000e+00
0.00000000e+00
0.00000000e+00
0.00000000e+00
0.00000000e+00
0.00000000e+00
0.00000000e+00
0.00000000e+00
0.00000000e+00
0.00000000e+00
0.00000000e+00
0.00000000e+00
0.00000000e+00
0.00000000e+00
0.00000000e+00
0.00000000e+00
0.00000000e+00
0.00000000e+00
0.00000000e+00
0.00000000e+00
0.00000000e+00
0.00000000e+00
0.00000000e+00
0.00000000e+00
0.00000000e+00
0.00000000e+00
0.00000000e+00
0.00000000e+00
0.00000000e+00
0.00000000e+00
0.00000000e+00
0.00000000e+00
0.00000000e+00
0.00000000e+00
0.00000000e+00
0.00000000e+00
0.00000000e+00
0.00000000e+00
0.00000000e+00
0.00000000e+00
0.00000000e+00
0.00000000e+00
0.00000000e+00
0.00000000e+00
0.00000000e+00
0.00000000e+00
0.00000000e+00
0.00000000e+00
0.00000000e+00
0.00000000e+00
0.00000000e+00
0.00000000e+00
0.00000000e+00
0.00000000e+00
0.00000000e+00
0.00000000e+00
0.00000000e+00
0.00000000e+00
0.00000000e+00
0.00000000e+00
0.00000000e+00
0.00000000e+00
0.00000000e+00
0.00000000e+00
0.00000000e+00
0.00000000e+00
0.00000000e+00
0.00000000e+00
0.00000000e+00
0.00000000e+00
0.00000000e+00
0.00000000e+00
0.00000000e+00
0.00000000e+00
0.00000000e+00
0.00000000e+00
0.00000000e+00
0.00000000e+00
0.00000000e+00
0.00000000e+00
0.00000000e+00
0.00000000e+00
0.00000000e+00
0.00000000e+00
0.00000000e+00
0.00000000e+00
0.00000000e+00
0.00000000e+00
0.00000000e+00
0.00000000e+00
0.00000000e+00
0.00000000e+00
0.00000000e+00
0.00000000e+00
0.00000000e+00
0.00000000e+00
0.00000000e+00
0.00000000e+00
0.00000000e+00
0.00000000e+00
0.00000000e+00
0.00000000e+00
0.00000000e+00
0.00000000e+00
0.00000000e+00
0.00000000e+00
0.00000000e+00
0.00000000e+00
0.00000000e+00
0.00000000e+00
0.00000000e+00
0.00000000e+00
0.00000000e+00
0.00000000e+00
0.00000000e+00
0.00000000e+00
0.00000000e+00
0.00000000e+00
0.00000000e+00
0.00000000e+00
0.00000000e+00
0.00000000e+00
0.00000000e+00
0.00000000e+00
0.00000000e+00
0.00000000e+00
0.00000000e+00
0.00000000e+00
0.00000000e+00
0.00000000e+00
0.00000000e+00
0.00000000e+00
0.00000000e+00
0.00000000e+00
0.00000000e+00
0.00000000e+00
0.00000000e+00
0.00000000e+00
0.00000000e+00
0.00000000e+00
0.00000000e+00
0.00000000e+00
0.00000000e+00
1.00000001e-01
1.00000001e-01
9.97558609e-02
9.95117202e-02
9.92675796e-02
9.87792984e-02
9.85351577e-02
9.78027359e-02
9.73144546e-02
9.65820327e-02
9.58496109e-02
9.51171890e-02
9.41406265e-02
9.31640640e-02
9.24316421e-02
9.12109390e-02
9.02343765e-02
8.92578140e-02
8.80371109e-02
8.68164077e-02
8.58398452e-02
8.46191421e-02
8.33984390e-02
8.19335952e-02
8.07128921e-02
7.94921890e-02
7.80273452e-02
7.68066421e-02
7.53417984e-02
7.41210952e-02
7.26562515e-02
7.14355484e-02
6.99707046e-02
6.85058609e-02
6.72851577e-02
6.58203140e-02
6.43554702e-02
6.31347671e-02
6.16699234e-02
6.02050796e-02
5.89843765e-02
5.75195327e-02
5.60546890e-02
5.48339859e-02
5.33691421e-02
5.21484390e-02
5.06835952e-02
4.94628921e-02
4.82421890e-02
4.67773452e-02
4.55566421e-02
4.43359390e-02
4.31152359e-02
4.18945327e-02
4.06738296e-02
3.94531265e-02
3.82324234e-02
3.70117202e-02
3.60351577e-02
3.48144546e-02
3.35937515e-02
3.26171890e-02
3.13964859e-02
3.04199234e-02
2.94433609e-02
2.84667984e-02
2.74902359e-02
2.65136734e-02
2.55371109e-02
2.45605484e-02
2.35839859e-02
2.28515640e-02
2.18750015e-02
2.08984390e-02
2.01660171e-02
1.94335952e-02
1.84570327e-02
1.77246109e-02
1.69921890e-02
1.62597671e-02
1.55273452e-02
1.47949234e-02
1.43066421e-02
1.35742202e-02
1.28417984e-02
1.23535171e-02
1.16210952e-02
1.11328140e-02
1.06445327e-02
9.91211087e-03
9.42382962e-03
8.93554837e-03
8.44726712e-03
7.95898587e-03
7.47070462e-03
6.98242337e-03
6.73828274e-03
6.25000149e-03
5.76172024e-03
5.51757962e-03
5.02929837e-03
4.78515774e-03
4.29687649e-03
4.05273587e-03
3.80859524e-03
3.32031399e-03
3.07617337e-03
2.83203274e-03
2.58789212e-03
2.34375149e-03
2.09961087e-03
1.85547024e-03
1.61132962e-03
1.36718899e-03
1.36718899e-03
1.12304837e-03
8.78907740e-04
8.78907740e-04
6.34767115e-04
3.90626490e-04
3.90626490e-04
1.46485865e-04
1.46485865e-04
-9.76547599e-05
-9.76547599e-05
-3.41795385e-04
-3.41795385e-04
-3.41795385e-04
-3.41795385e-04
-5.85936010e-04
-5.85936010e-04
-5.85936010e-04
-5.85936010e-04
-8.30076635e-04
-8.30076635e-04
-8.30076635e-04
-8.30076635e-04
-8.30076635e-04
-8.30076635e-04
-8.30076635e-04
-8.30076635e-04
-8.30076635e-04
-1.07421726e-03
-1.07421726e-03
-1.07421726e-03
-1.07421726e-03
-1.07421726e-03
-1.07421726e-03
-8.30076635e-04
-8.30076635e-04
-8.30076635e-04
-8.30076635e-04
-8.30076635e-04
-8.30076635e-04
-8.30076635e-04
-8.30076635e-04
-8.30076635e-04
-8.30076635e-04
-8.30076635e-04
-8.30076635e-04
-8.30076635e-04
-8.30076635e-04
-8.30076635e-04
-5.85936010e-04
-5.85936010e-04
-5.85936010e-04
-5.85936010e-04
-5.85936010e-04
-5.85936010e-04
-5.85936010e-04
-5.85936010e-04
-5.85936010e-04
-5.85936010e-04
-5.85936010e-04
-5.85936010e-04
-5.85936010e-04
-5.85936010e-04
-5.85936010e-04
-5.85936010e-04
-3.41795385e-04
-3.41795385e-04
-3.41795385e-04
-3.41795385e-04
-3.41795385e-04
-3.41795385e-04
-3.41795385e-04
-3.41795385e-04
-3.41795385e-04
-3.41795385e-04
-3.41795385e-04
-5.85936010e-04
-5.85936010e-04
-5.85936010e-04
-5.85936010e-04
-5.85936010e-04
-5.85936010e-04
-5.85936010e-04
-5.85936010e-04
-5.85936010e-04
-5.85936010e-04
-5.85936010e-04
-5.85936010e-04
-5.85936010e-04
-8.30076635e-04
-8.30076635e-04
-8.30076635e-04
-8.30076635e-04
-8.30076635e-04
-8.30076635e-04
-8.30076635e-04
-8.30076635e-04
-1.07421726e-03
-1.07421726e-03
-1.07421726e-03
-1.07421726e-03
-1.07421726e-03
-1.31835788e-03
-1.31835788e-03
-1.31835788e-03
-1.31835788e-03
-1.31835788e-03
-1.56249851e-03
-1.56249851e-03
-1.56249851e-03
-1.56249851e-03
-1.56249851e-03
-1.80663913e-03
-1.80663913e-03
-1.80663913e-03
-1.80663913e-03
-2.05077976e-03
-2.05077976e-03
-2.05077976e-03
-2.05077976e-03
-2.29492038e-03
-2.29492038e-03
-2.29492038e-03
-2.29492038e-03
-2.53906101e-03
-2.53906101e-03
-2.53906101e-03
-2.53906101e-03
-2.78320163e-03
-2.78320163e-03
-2.78320163e-03
-2.78320163e-03
-3.02734226e-03
-3.02734226e-03
-3.02734226e-03
-3.02734226e-03
-3.27148288e-03
-3.27148288e-03
-3.27148288e-03
-3.51562351e-03
-3.51562351e-03
-3.51562351e-03
-3.51562351e-03
-3.75976413e-03
-3.75976413e-03
-3.75976413e-03
-3.75976413e-03
-4.00390476e-03
-4.00390476e-03
-4.00390476e-03
-4.00390476e-03
-4.24804538e-03
-4.24804538e-03
-4.24804538e-03
-4.24804538e-03
-4.49218601e-03
-4.49218601e-03
-4.49218601e-03
-4.49218601e-03
-4.73632663e-03
-4.73632663e-03
-4.73632663e-03
-4.73632663e-03
-4.98046726e-03
-4.98046726e-03
-4.98046726e-03
-4.98046726e-03
-5.22460788e-03
-5.22460788e-03
-5.22460788e-03
-5.22460788e-03
-5.22460788e-03
-5.46874851e-03
-5.46874851e-03
-5.46874851e-03
-5.46874851e-03
-5.46874851e-03
-5.71288913e-03
-5.71288913e-03
-5.71288913e-03
-5.71288913e-03
-5.71288913e-03
-5.71288913e-03
-5.95702976e-03
-5.95702976e-03
-5.95702976e-03
-5.95702976e-03
-5.95702976e-03
-5.95702976e-03
-5.95702976e-03
-6.20117038e-03
-6.20117038e-03
-6.20117038e-03
-6.20117038e-03
-6.20117038e-03
-6.20117038e-03
-6.20117038e-03
-6.44531101e-03
-6.44531101e-03
-6.44531101e-03
-6.44531101e-03
-6.44531101e-03
-6.44531101e-03
-6.44531101e-03
-6.44531101e-03
-6.44531101e-03
-6.44531101e-03
-6.68945163e-03
-6.68945163e-03
-6.68945163e-03
-6.68945163e-03
-6.68945163e-03
-6.68945163e-03
-6.68945163e-03
-6.68945163e-03
-6.68945163e-03
-6.68945163e-03
-6.68945163e-03
-6.68945163e-03
-6.68945163e-03
-6.68945163e-03
-6.68945163e-03
-6.68945163e-03
-6.93359226e-03
-6.93359226e-03
-6.93359226e-03
-6.93359226e-03
-6.93359226e-03
-6.93359226e-03
-6.93359226e-03
-6.93359226e-03
-6.93359226e-03
-6.93359226e-03
-6.93359226e-03
-6.93359226e-03
-6.93359226e-03
-6.93359226e-03
-6.93359226e-03
-6.93359226e-03
-6.93359226e-03
-6.93359226e-03
-6.93359226e-03
-6.93359226e-03
-6.93359226e-03
-6.93359226e-03
-6.93359226e-03
-6.93359226e-03
-6.93359226e-03
-6.93359226e-03
-6.93359226e-03
-6.93359226e-03
-6.93359226e-03
-6.68945163e-03
-6.68945163e-03
-6.68945163e-03
-6.68945163e-03
-6.68945163e-03
-6.68945163e-03
-6.68945163e-03
-6.68945163e-03
-6.68945163e-03
-6.68945163e-03
-6.68945163e-03
-6.68945163e-03
-6.68945163e-03
-6.68945163e-03
-6.68945163e-03
-6.68945163e-03
-6.68945163e-03
-6.68945163e-03
-6.68945163e-03
-6.68945163e-03
-6.68945163e-03
-6.68945163e-03
-6.44531101e-03
-6.44531101e-03
-6.44531101e-03
-6.44531101e-03
-6.44531101e-03
-6.44531101e-03
-6.44531101e-03
-6.44531101e-03
-6.44531101e-03
-6.44531101e-03
-6.44531101e-03
-6.44531101e-03
-6.44531101e-03
-6.44531101e-03
-6.44531101e-03
-6.20117038e-03
-6.20117038e-03
-6.20117038e-03
-6.20117038e-03
-6.20117038e-03
-6.20117038e-03
-6.20117038e-03
-6.20117038e-03
-6.20117038e-03
-6.20117038e-03
-6.20117038e-03
-6.20117038e-03
-6.20117038e-03
-6.20117038e-03
-5.95702976e-03
-5.95702976e-03
-5.95702976e-03
-5.95702976e-03
-5.95702976e-03
-5.95702976e-03
-5.95702976e-03
-5.95702976e-03
-5.95702976e-03
-5.95702976e-03
-5.95702976e-03
-5.95702976e-03
-5.95702976e-03
-5.71288913e-03
-5.71288913e-03
-5.71288913e-03
-5.71288913e-03
-5.71288913e-03
-5.71288913e-03
-5.71288913e-03
-5.71288913e-03
-5.71288913e-03
-5.71288913e-03
-5.71288913e-03
-5.71288913e-03
-5.46874851e-03
-5.46874851e-03
-5.46874851e-03
-5.46874851e-03
-5.46874851e-03
-5.46874851e-03
-5.46874851e-03
-5.46874851e-03
-5.46874851e-03
-5.46874851e-03
-5.46874851e-03
-5.46874851e-03
-5.22460788e-03
-5.22460788e-03
-5.22460788e-03
-5.22460788e-03
-5.22460788e-03
-5.22460788e-03
-5.22460788e-03
-5.22460788e-03
-5.22460788e-03
-5.22460788e-03
-5.22460788e-03
-5.22460788e-03
-4.98046726e-03
-4.98046726e-03
-4.98046726e-03
-4.98046726e-03
-4.98046726e-03
-4.98046726e-03
-4.98046726e-03
-4.98046726e-03
-4.98046726e-03
-4.98046726e-03
-4.98046726e-03
-4.73632663e-03
-4.73632663e-03
-4.73632663e-03
-4.73632663e-03
-4.73632663e-03
-4.73632663e-03
-4.73632663e-03
-4.73632663e-03
-4.73632663e-03
-4.73632663e-03
-4.73632663e-03
-4.73632663e-03
-4.49218601e-03
-4.49218601e-03
-4.49218601e-03
-4.49218601e-03
-4.49218601e-03
-4.49218601e-03
-4.49218601e-03
-4.49218601e-03
-4.49218601e-03
-4.49218601e-03
-4.49218601e-03
-4.49218601e-03
-4.24804538e-03
-4.24804538e-03
-4.24804538e-03
-4.24804538e-03
-4.24804538e-03
-4.24804538e-03
-4.24804538e-03
-4.24804538e-03
-4.24804538e-03
-4.24804538e-03
-4.24804538e-03
-4.24804538e-03
-4.00390476e-03
-4.00390476e-03
-4.00390476e-03
-4.00390476e-03
-4.00390476e-03
-4.00390476e-03
-4.00390476e-03
-4.00390476e-03
-4.00390476e-03
-4.00390476e-03
-4.00390476e-03
-4.00390476e-03
-4.00390476e-03
-3.75976413e-03
-3.75976413e-03
-3.75976413e-03
-3.75976413e-03
-3.75976413e-03
-3.75976413e-03
-3.75976413e-03
-3.75976413e-03
-3.75976413e-03
-3.75976413e-03
-3.75976413e-03
-3.75976413e-03
-3.51562351e-03
-3.51562351e-03
-3.51562351e-03
-3.51562351e-03
-3.51562351e-03
-3.51562351e-03
-3.51562351e-03
-3.51562351e-03
-3.51562351e-03
-3.51562351e-03
-3.51562351e-03
-3.51562351e-03
-3.51562351e-03
-3.27148288e-03
-3.27148288e-03
-3.27148288e-03
-3.27148288e-03
-3.27148288e-03
-3.27148288e-03
-3.27148288e-03
-3.27148288e-03
-3.27148288e-03
-3.27148288e-03
-3.27148288e-03
-3.27148288e-03
-3.27148288e-03
-3.02734226e-03
-3.02734226e-03
-3.02734226e-03
-3.02734226e-03
-3.02734226e-03
-3.02734226e-03
-3.02734226e-03
-3.02734226e-03
-3.02734226e-03
-3.02734226e-03
-3.02734226e-03
-3.02734226e-03
-3.02734226e-03
-2.78320163e-03
-2.78320163e-03
-2.78320163e-03
-2.78320163e-03
-2.78320163e-03
-2.78320163e-03
-2.78320163e-03
-2.78320163e-03
-2.78320163e-03
-2.78320163e-03
-2.78320163e-03
-2.78320163e-03
-2.78320163e-03
-2.78320163e-03
-2.53906101e-03
-2.53906101e-03
-2.53906101e-03
-2.53906101e-03
-2.53906101e-03
-2.53906101e-03
-2.53906101e-03
-2.53906101e-03
-2.53906101e-03
-2.53906101e-03
-2.53906101e-03
-2.53906101e-03
-2.53906101e-03
-2.53906101e-03
-2.29492038e-03
-2.29492038e-03
-2.29492038e-03
-2.29492038e-03
-2.29492038e-03
-2.29492038e-03
-2.29492038e-03
-2.29492038e-03
-2.29492038e-03
-2.29492038e-03
-2.29492038e-03
-2.29492038e-03
-2.29492038e-03
-2.29492038e-03
-2.29492038e-03
-2.05077976e-03
-2.05077976e-03
-2.05077976e-03
-2.05077976e-03
-2.05077976e-03
-2.05077976e-03
-2.05077976e-03
-2.05077976e-03
-2.05077976e-03
-2.05077976e-03
-2.05077976e-03
-2.05077976e-03
-2.05077976e-03
-2.05077976e-03
-2.05077976e-03
-2.05077976e-03
-1.80663913e-03
-1.80663913e-03
-1.80663913e-03
-1.01806641e-01
-1.01806641e-01
-1.01562500e-01
-1.01318359e-01
-1.01074219e-01
-1.00585938e-01
-1.00097656e-01
-9.96093750e-02
-9.91210938e-02
-9.83886719e-02
-9.76562500e-02
-9.66796875e-02
-9.59472656e-02
-9.49707031e-02
-9.39941406e-02
-9.30175781e-02
-9.20410156e-02
-9.08203125e-02
-8.95996094e-02
-8.86230469e-02
-8.74023438e-02
-8.61816406e-02
-8.49609375e-02
-8.34960938e-02
-8.22753906e-02
-8.10546875e-02
-7.95898438e-02
-7.83691406e-02
-7.69042969e-02
-7.56835938e-02
-7.42187500e-02
-7.27539063e-02
-7.12890625e-02
-7.00683594e-02
-6.86035156e-02
-6.71386719e-02
-6.59179688e-02
-6.44531250e-02
-6.29882813e-02
-6.15234375e-02
-6.03027344e-02
-5.88378906e-02
-5.73730469e-02
-5.61523438e-02
-5.46875000e-02
-5.34667969e-02
-5.20019531e-02
-5.07812500e-02
-4.93164063e-02
-4.80957031e-02
-4.68750000e-02
-4.54101563e-02
-4.41894531e-02
-4.29687500e-02
-4.17480469e-02
-4.05273438e-02
-3.93066406e-02
-3.83300781e-02
-3.71093750e-02
-3.58886719e-02
-3.49121094e-02
-3.36914063e-02
-3.27148438e-02
-3.14941406e-02
-3.05175781e-02
-2.95410156e-02
-2.85644531e-02
-2.75878906e-02
-2.66113281e-02
-2.56347656e-02
-2.46582031e-02
-2.36816406e-02
-2.29492188e-02
-2.19726563e-02
-2.12402344e-02
-2.02636719e-02
-1.95312500e-02
-1.87988281e-02
-1.80664063e-02
-1.73339844e-02
-1.66015625e-02
-1.58691406e-02
-1.51367188e-02
-1.44042969e-02
-1.36718750e-02
-1.31835938e-02
-1.24511719e-02
-1.19628906e-02
-1.14746094e-02
-1.07421875e-02
-1.02539063e-02
-9.76562500e-03
-9.27734375e-03
-8.78906250e-03
-8.30078125e-03
-7.81250000e-03
-7.32421875e-03
-6.83593750e-03
-6.59179688e-03
-6.10351563e-03
-5.85937500e-03
-5.37109375e-03
-5.12695313e-03
-4.63867188e-03
-4.39453125e-03
-4.15039063e-03
-3.90625000e-03
-3.41796875e-03
-3.17382813e-03
-2.92968750e-03
-2.68554688e-03
-2.44140625e-03
-2.19726563e-03
-2.19726563e-03
-1.95312500e-03
-1.70898438e-03
-1.46484375e-03
-1.46484375e-03
-1.22070313e-03
-9.76562500e-04
-9.76562500e-04
-7.32421875e-04
-7.32421875e-04
-4.88281250e-04
-4.88281250e-04
-2.44140625e-04
-2.44140625e-04
-2.44140625e-04
0.00000000e+00
0.00000000e+00
0.00000000e+00
2.44140625e-04
2.44140625e-04
2.44140625e-04
2.44140625e-04
2.44140625e-04
4.88281250e-04
4.88281250e-04
4.88281250e-04
4.88281250e-04
4.88281250e-04
4.88281250e-04
4.88281250e-04
4.88281250e-04
4.88281250e-04
4.88281250e-04
4.88281250e-04
4.88281250e-04
4.88281250e-04
4.88281250e-04
4.88281250e-04
4.88281250e-04
4.88281250e-04
4.88281250e-04
4.88281250e-04
4.88281250e-04
4.88281250e-04
4.88281250e-04
4.88281250e-04
4.88281250e-04
4.88281250e-04
4.88281250e-04
4.88281250e-04
4.88281250e-04
4.88281250e-04
4.88281250e-04
2.44140625e-04
2.44140625e-04
2.44140625e-04
2.44140625e-04
2.44140625e-04
2.44140625e-04
2.44140625e-04
2.44140625e-04
2.44140625e-04
2.44140625e-04
2.44140625e-04
2.44140625e-04
2.44140625e-04
2.44140625e-04
2.44140625e-04
2.44140625e-04
2.44140625e-04
2.44140625e-04
2.44140625e-04
2.44140625e-04
2.44140625e-04
2.44140625e-04
2.44140625e-04
2.44140625e-04
2.44140625e-04
2.44140625e-04
2.44140625e-04
2.44140625e-04
2.44140625e-04
4.88281250e-04
4.88281250e-04
4.88281250e-04
4.88281250e-04
4.88281250e-04
4.88281250e-04
4.88281250e-04
4.88281250e-04
4.88281250e-04
7.32421875e-04
7.32421875e-04
7.32421875e-04
7.32421875e-04
7.32421875e-04
7.32421875e-04
9.76562500e-04
9.76562500e-04
9.76562500e-04
9.76562500e-04
9.76562500e-04
9.76562500e-04
1.22070313e-03
1.22070313e-03
1.22070313e-03
1.22070313e-03
1.22070313e-03
1.46484375e-03
1.46484375e-03
1.46484375e-03
1.46484375e-03
1.70898438e-03
1.70898438e-03
1.70898438e-03
1.70898438e-03
1.95312500e-03
1.95312500e-03
1.95312500e-03
1.95312500e-03
2.19726563e-03
2.19726563e-03
2.19726563e-03
2.19726563e-03
2.44140625e-03
2.44140625e-03
2.44140625e-03
2.68554688e-03
2.68554688e-03
2.68554688e-03
2.68554688e-03
2.92968750e-03
2.92968750e-03
2.92968750e-03
2.92968750e-03
3.17382813e-03
3.17382813e-03
3.17382813e-03
3.41796875e-03
3.41796875e-03
3.41796875e-03
3.41796875e-03
3.66210938e-03
3.66210938e-03
3.66210938e-03
3.66210938e-03
3.90625000e-03
3.90625000e-03
3.90625000e-03
4.15039063e-03
4.15039063e-03
4.15039063e-03
4.15039063e-03
4.39453125e-03
4.39453125e-03
4.39453125e-03
4.39453125e-03
4.63867188e-03
4.63867188e-03
4.63867188e-03
4.63867188e-03
4.88281250e-03
4.88281250e-03
4.88281250e-03
4.88281250e-03
5.12695313e-03
5.12695313e-03
5.12695313e-03
5.12695313e-03
5.12695313e-03
5.37109375e-03
5.37109375e-03
5.37109375e-03
5.37109375e-03
5.61523438e-03
5.61523438e-03
5.61523438e-03
5.61523438e-03
5.61523438e-03
5.61523438e-03
5.85937500e-03
5.85937500e-03
5.85937500e-03
5.85937500e-03
5.85937500e-03
6.10351563e-03
6.10351563e-03
6.10351563e-03
6.10351563e-03
6.10351563e-03
6.10351563e-03
6.10351563e-03
6.34765625e-03
6.34765625e-03
6.34765625e-03
6.34765625e-03
6.34765625e-03
6.34765625e-03
6.34765625e-03
6.59179688e-03
6.59179688e-03
6.59179688e-03
6.59179688e-03
6.59179688e-03
6.59179688e-03
6.59179688e-03
6.59179688e-03
6.59179688e-03
6.59179688e-03
6.83593750e-03
6.83593750e-03
6.83593750e-03
6.83593750e-03
6.83593750e-03
6.83593750e-03
6.83593750e-03
6.83593750e-03
6.83593750e-03
6.83593750e-03
6.83593750e-03
6.83593750e-03
6.83593750e-03
6.83593750e-03
6.83593750e-03
6.83593750e-03
7.08007813e-03
7.08007813e-03
7.08007813e-03
7.08007813e-03
7.08007813e-03
7.08007813e-03
7.08007813e-03
7.08007813e-03
7.08007813e-03
7.08007813e-03
7.08007813e-03
7.08007813e-03
7.08007813e-03
7.08007813e-03
7.08007813e-03
7.08007813e-03
7.08007813e-03
7.08007813e-03
7.08007813e-03
7.08007813e-03
7.08007813e-03
7.08007813e-03
7.08007813e-03
7.08007813e-03
7.08007813e-03
7.08007813e-03
7.08007813e-03
7.08007813e-03
6.83593750e-03
6.83593750e-03
6.83593750e-03
6.83593750e-03
6.83593750e-03
6.83593750e-03
6.83593750e-03
6.83593750e-03
6.83593750e-03
6.83593750e-03
6.83593750e-03
6.83593750e-03
6.83593750e-03
6.83593750e-03
6.83593750e-03
6.83593750e-03
6.83593750e-03
6.83593750e-03
6.83593750e-03
6.83593750e-03
6.83593750e-03
6.83593750e-03
6.83593750e-03
6.59179688e-03
6.59179688e-03
6.59179688e-03
6.59179688e-03
6.59179688e-03
6.59179688e-03
6.59179688e-03
6.59179688e-03
6.59179688e-03
6.59179688e-03
6.59179688e-03
6.59179688e-03
6.59179688e-03
6.59179688e-03
6.59179688e-03
6.34765625e-03
6.34765625e-03
6.34765625e-03
6.34765625e-03
6.34765625e-03
6.34765625e-03
6.34765625e-03
6.34765625e-03
6.34765625e-03
6.34765625e-03
6.34765625e-03
6.34765625e-03
6.34765625e-03
6.10351563e-03
6.10351563e-03
6.10351563e-03
6.10351563e-03
6.10351563e-03
6.10351563e-03
6.10351563e-03
6.10351563e-03
6.10351563e-03
6.10351563e-03
6.10351563e-03
6.10351563e-03
6.10351563e-03
5.85937500e-03
5.85937500e-03
5.85937500e-03
5.85937500e-03
5.85937500e-03
5.85937500e-03
5.85937500e-03
5.85937500e-03
5.85937500e-03
5.85937500e-03
5.85937500e-03
5.85937500e-03
5.61523438e-03
5.61523438e-03
5.61523438e-03
5.61523438e-03
5.61523438e-03
5.61523438e-03
5.61523438e-03
5.61523438e-03
5.61523438e-03
5.61523438e-03
5.61523438e-03
5.61523438e-03
5.37109375e-03
5.37109375e-03
5.37109375e-03
5.37109375e-03
5.37109375e-03
5.37109375e-03
5.37109375e-03
5.37109375e-03
5.37109375e-03
5.37109375e-03
5.37109375e-03
5.37109375e-03
5.12695313e-03
5.12695313e-03
5.12695313e-03
5.12695313e-03
5.12695313e-03
5.12695313e-03
5.12695313e-03
5.12695313e-03
5.12695313e-03
5.12695313e-03
5.12695313e-03
4.88281250e-03
4.88281250e-03
4.88281250e-03
4.88281250e-03
4.88281250e-03
4.88281250e-03
4.88281250e-03
4.88281250e-03
4.88281250e-03
4.88281250e-03
4.88281250e-03
4.88281250e-03
4.63867188e-03
4.63867188e-03
4.63867188e-03
4.63867188e-03
4.63867188e-03
4.63867188e-03
4.63867188e-03
4.63867188e-03
4.63867188e-03
4.63867188e-03
4.63867188e-03
4.39453125e-03
4.39453125e-03
4.39453125e-03
4.39453125e-03
4.39453125e-03
4.39453125e-03
4.39453125e-03
4.39453125e-03
4.39453125e-03
4.39453125e-03
4.39453125e-03
4.39453125e-03
4.15039063e-03
4.15039063e-03
4.15039063e-03
4.15039063e-03
4.15039063e-03
4.15039063e-03
4.15039063e-03
4.15039063e-03
4.15039063e-03
4.15039063e-03
4.15039063e-03
4.15039063e-03
3.90625000e-03
3.90625000e-03
3.90625000e-03
3.90625000e-03
3.90625000e-03
3.90625000e-03
3.90625000e-03
3.90625000e-03
3.90625000e-03
3.90625000e-03
3.90625000e-03
3.90625000e-03
3.66210938e-03
3.66210938e-03
3.66210938e-03
3.66210938e-03
3.66210938e-03
3.66210938e-03
3.66210938e-03
3.66210938e-03
3.66210938e-03
3.66210938e-03
3.66210938e-03
3.66210938e-03
3.41796875e-03
3.41796875e-03
3.41796875e-03
3.41796875e-03
3.41796875e-03
3.41796875e-03
3.41796875e-03
3.41796875e-03
3.41796875e-03
3.41796875e-03
3.41796875e-03
3.41796875e-03
3.41796875e-03
3.17382813e-03
3.17382813e-03
3.17382813e-03
3.17382813e-03
3.17382813e-03
3.17382813e-03
3.17382813e-03
3.17382813e-03
3.17382813e-03
3.17382813e-03
3.17382813e-03
3.17382813e-03
3.17382813e-03
2.92968750e-03
2.92968750e-03
2.92968750e-03
2.92968750e-03
2.92968750e-03
2.92968750e-03
2.92968750e-03
2.92968750e-03
2.92968750e-03
2.92968750e-03
2.92968750e-03
2.92968750e-03
2.92968750e-03
2.68554688e-03
2.68554688e-03
2.68554688e-03
2.68554688e-03
2.68554688e-03
2.68554688e-03
2.68554688e-03
2.68554688e-03
2.68554688e-03
2.68554688e-03
2.68554688e-03
2.68554688e-03
2.68554688e-03
2.68554688e-03
2.44140625e-03
2.44140625e-03
2.44140625e-03
2.44140625e-03
2.44140625e-03
2.44140625e-03
2.44140625e-03
2.44140625e-03
2.44140625e-03
2.44140625e-03
2.44140625e-03
2.44140625e-03
2.44140625e-03
2.44140625e-03
2.44140625e-03
2.19726563e-03
2.19726563e-03
2.19726563e-03
2.19726563e-03
2.19726563e-03
2.19726563e-03
2.19726563e-03
2.19726563e-03
2.19726563e-03
2.19726563e-03
2.19726563e-03
2.19726563e-03
2.19726563e-03
2.19726563e-03
2.19726563e-03
1.95312500e-03
1.95312500e-03
1.95312500e-03
1.95312500e-03
1.95312500e-03
1.95312500e-03
1.95312500e-03
1.95312500e-03
1.95312500e-03
1.95312500e-03
1.95312500e-03
1.95312500e-03
1.95312500e-03
1.95312500e-03
1.95312500e-03
1.95312500e-03
1.70898438e-03
1.70898438e-03
1.70898438e-03
1.70898438e-03
1.70898438e-03
1.70898438e-03
1.70898438e-03
1.70898438e-03
1.70898438e-03
1.70898438e-03
1.70898438e-03
1.70898438e-03
1.70898438e-03
1.70898438e-03
1.70898438e-03
1.70898438e-03
1.70898438e-03
1.46484375e-03
1.46484375e-03
1.46484375e-03
1.46484375e-03
1.46484375e-03
1.46484375e-03
1.46484375e-03
1.46484375e-03
1.46484375e-03
1.46484375e-03
1.46484375e-03
1.46484375e-03
1.46484375e-03
1.46484375e-03
1.46484375e-03
1.46484375e-03
1.46484375e-03
1.46484375e-03
1.46484375e-03
1.46484375e-03
1.22070313e-03
1.22070313e-03
1.22070313e-03
1.22070313e-03
1.22070313e-03
1.22070313e-03
1.22070313e-03
1.22070313e-03
1.22070313e-03
1.22070313e-03
1.22070313e-03
1.22070313e-03
1.22070313e-03
1.22070313e-03
1.22070313e-03
1.22070313e-03
1.22070313e-03
1.22070313e-03
1.22070313e-03
1.22070313e-03
1.22070313e-03
9.76562500e-04
9.76562500e-04
9.76562500e-04
9.76562500e-04
9.76562500e-04
9.76562500e-04
9.76562500e-04
9.76562500e-04
9.76562500e-04
9.76562500e-04
9.76562500e-04
9.76562500e-04
9.76562500e-04
9.76562500e-04
9.76562500e-04
9.76562500e-04
9.76562500e-04
9.76562500e-04
9.76562500e-04
9.76562500e-04
9.76562500e-04
9.76562500e-04
9.76562500e-04
9.76562500e-04
9.76562500e-04
7.32421875e-04
7.32421875e-04
7.32421875e-04
7.32421875e-04
7.32421875e-04
7.32421875e-04
7.32421875e-04
7.32421875e-04
7.32421875e-04
7.32421875e-04
7.32421875e-04
7.32421875e-04
7.32421875e-04
7.32421875e-04
7.32421875e-04
7.32421875e-04
7.32421875e-04
7.32421875e-04
7.32421875e-04
7.32421875e-04
7.32421875e-04
7.32421875e-04
7.32421875e-04
7.32421875e-04
7.32421875e-04
7.32421875e-04
7.32421875e-04
7.32421875e-04
4.88281250e-04
4.88281250e-04
4.88281250e-04
4.88281250e-04
4.88281250e-04
4.88281250e-04
4.88281250e-04
4.88281250e-04
4.88281250e-04
4.88281250e-04
4.88281250e-04
4.88281250e-04
4.88281250e-04
4.88281250e-04
4.88281250e-04
4.88281250e-04
4.88281250e-04
4.88281250e-04
4.88281250e-04
4.88281250e-04
4.88281250e-04
4.88281250e-04
4.88281250e-04
4.88281250e-04
4.88281250e-04
4.88281250e-04
4.88281250e-04
4.88281250e-04
4.88281250e-04
4.88281250e-04
4.88281250e-04
4.88281250e-04
4.88281250e-04
4.88281250e-04
4.88281250e-04
4.88281250e-04
4.88281250e-04
2.44140625e-04
2.44140625e-04
2.44140625e-04
2.44140625e-04
2.44140625e-04
2.44140625e-04
2.44140625e-04
